  Truth Table             ANF          DEG   NL    CI    AI
---------------     ---------------    ---   ---   ---   ---
1 0 0 0 0 0 0 0  -- 1 1 1 1 1 1 1 1  -- 3  -- 1  -- 0  -- 1
0 1 0 0 0 0 0 0  -- 0 1 0 1 0 1 0 1  -- 3  -- 1  -- 0  -- 1
0 0 1 0 0 0 0 0  -- 0 0 1 1 0 0 1 1  -- 3  -- 1  -- 0  -- 1
1 1 1 0 0 0 0 0  -- 1 0 0 1 1 0 0 1  -- 3  -- 1  -- 0  -- 1
0 0 0 1 0 0 0 0  -- 0 0 0 1 0 0 0 1  -- 3  -- 1  -- 0  -- 1
1 1 0 1 0 0 0 0  -- 1 0 1 1 1 0 1 1  -- 3  -- 1  -- 0  -- 1
1 0 1 1 0 0 0 0  -- 1 1 0 1 1 1 0 1  -- 3  -- 1  -- 0  -- 1
0 1 1 1 0 0 0 0  -- 0 1 1 1 0 1 1 1  -- 3  -- 1  -- 0  -- 1
0 0 0 0 1 0 0 0  -- 0 0 0 0 1 1 1 1  -- 3  -- 1  -- 0  -- 1
1 1 0 0 1 0 0 0  -- 1 0 1 0 0 1 0 1  -- 3  -- 1  -- 0  -- 1
1 0 1 0 1 0 0 0  -- 1 1 0 0 0 0 1 1  -- 3  -- 1  -- 0  -- 1
0 1 1 0 1 0 0 0  -- 0 1 1 0 1 0 0 1  -- 3  -- 1  -- 0  -- 1
1 0 0 1 1 0 0 0  -- 1 1 1 0 0 0 0 1  -- 3  -- 1  -- 0  -- 1
0 1 0 1 1 0 0 0  -- 0 1 0 0 1 0 1 1  -- 3  -- 1  -- 0  -- 1
0 0 1 1 1 0 0 0  -- 0 0 1 0 1 1 0 1  -- 3  -- 1  -- 0  -- 1
1 1 1 1 1 0 0 0  -- 1 0 0 0 0 1 1 1  -- 3  -- 1  -- 0  -- 1
0 0 0 0 0 1 0 0  -- 0 0 0 0 0 1 0 1  -- 3  -- 1  -- 0  -- 1
1 1 0 0 0 1 0 0  -- 1 0 1 0 1 1 1 1  -- 3  -- 1  -- 0  -- 1
1 0 1 0 0 1 0 0  -- 1 1 0 0 1 0 0 1  -- 3  -- 1  -- 0  -- 1
0 1 1 0 0 1 0 0  -- 0 1 1 0 0 0 1 1  -- 3  -- 1  -- 0  -- 1
1 0 0 1 0 1 0 0  -- 1 1 1 0 1 0 1 1  -- 3  -- 1  -- 0  -- 1
0 1 0 1 0 1 0 0  -- 0 1 0 0 0 0 0 1  -- 3  -- 1  -- 0  -- 1
0 0 1 1 0 1 0 0  -- 0 0 1 0 0 1 1 1  -- 3  -- 1  -- 0  -- 1
1 1 1 1 0 1 0 0  -- 1 0 0 0 1 1 0 1  -- 3  -- 1  -- 0  -- 1
1 0 0 0 1 1 0 0  -- 1 1 1 1 0 1 0 1  -- 3  -- 1  -- 0  -- 1
0 1 0 0 1 1 0 0  -- 0 1 0 1 1 1 1 1  -- 3  -- 1  -- 0  -- 1
0 0 1 0 1 1 0 0  -- 0 0 1 1 1 0 0 1  -- 3  -- 1  -- 0  -- 1
1 1 1 0 1 1 0 0  -- 1 0 0 1 0 0 1 1  -- 3  -- 1  -- 0  -- 1
0 0 0 1 1 1 0 0  -- 0 0 0 1 1 0 1 1  -- 3  -- 1  -- 0  -- 1
1 1 0 1 1 1 0 0  -- 1 0 1 1 0 0 0 1  -- 3  -- 1  -- 0  -- 1
1 0 1 1 1 1 0 0  -- 1 1 0 1 0 1 1 1  -- 3  -- 1  -- 0  -- 1
0 1 1 1 1 1 0 0  -- 0 1 1 1 1 1 0 1  -- 3  -- 1  -- 0  -- 1
0 0 0 0 0 0 1 0  -- 0 0 0 0 0 0 1 1  -- 3  -- 1  -- 0  -- 1
1 1 0 0 0 0 1 0  -- 1 0 1 0 1 0 0 1  -- 3  -- 1  -- 0  -- 1
1 0 1 0 0 0 1 0  -- 1 1 0 0 1 1 1 1  -- 3  -- 1  -- 0  -- 1
0 1 1 0 0 0 1 0  -- 0 1 1 0 0 1 0 1  -- 3  -- 1  -- 0  -- 1
1 0 0 1 0 0 1 0  -- 1 1 1 0 1 1 0 1  -- 3  -- 1  -- 0  -- 1
0 1 0 1 0 0 1 0  -- 0 1 0 0 0 1 1 1  -- 3  -- 1  -- 0  -- 1
0 0 1 1 0 0 1 0  -- 0 0 1 0 0 0 0 1  -- 3  -- 1  -- 0  -- 1
1 1 1 1 0 0 1 0  -- 1 0 0 0 1 0 1 1  -- 3  -- 1  -- 0  -- 1
1 0 0 0 1 0 1 0  -- 1 1 1 1 0 0 1 1  -- 3  -- 1  -- 0  -- 1
0 1 0 0 1 0 1 0  -- 0 1 0 1 1 0 0 1  -- 3  -- 1  -- 0  -- 1
0 0 1 0 1 0 1 0  -- 0 0 1 1 1 1 1 1  -- 3  -- 1  -- 0  -- 1
1 1 1 0 1 0 1 0  -- 1 0 0 1 0 1 0 1  -- 3  -- 1  -- 0  -- 1
0 0 0 1 1 0 1 0  -- 0 0 0 1 1 1 0 1  -- 3  -- 1  -- 0  -- 1
1 1 0 1 1 0 1 0  -- 1 0 1 1 0 1 1 1  -- 3  -- 1  -- 0  -- 1
1 0 1 1 1 0 1 0  -- 1 1 0 1 0 0 0 1  -- 3  -- 1  -- 0  -- 1
0 1 1 1 1 0 1 0  -- 0 1 1 1 1 0 1 1  -- 3  -- 1  -- 0  -- 1
1 0 0 0 0 1 1 0  -- 1 1 1 1 1 0 0 1  -- 3  -- 1  -- 0  -- 1
0 1 0 0 0 1 1 0  -- 0 1 0 1 0 0 1 1  -- 3  -- 1  -- 0  -- 1
0 0 1 0 0 1 1 0  -- 0 0 1 1 0 1 0 1  -- 3  -- 1  -- 0  -- 1
1 1 1 0 0 1 1 0  -- 1 0 0 1 1 1 1 1  -- 3  -- 1  -- 0  -- 1
0 0 0 1 0 1 1 0  -- 0 0 0 1 0 1 1 1  -- 3  -- 1  -- 0  -- 1
1 1 0 1 0 1 1 0  -- 1 0 1 1 1 1 0 1  -- 3  -- 1  -- 0  -- 1
1 0 1 1 0 1 1 0  -- 1 1 0 1 1 0 1 1  -- 3  -- 1  -- 0  -- 1
0 1 1 1 0 1 1 0  -- 0 1 1 1 0 0 0 1  -- 3  -- 1  -- 0  -- 1
0 0 0 0 1 1 1 0  -- 0 0 0 0 1 0 0 1  -- 3  -- 1  -- 0  -- 1
1 1 0 0 1 1 1 0  -- 1 0 1 0 0 0 1 1  -- 3  -- 1  -- 0  -- 1
1 0 1 0 1 1 1 0  -- 1 1 0 0 0 1 0 1  -- 3  -- 1  -- 0  -- 1
0 1 1 0 1 1 1 0  -- 0 1 1 0 1 1 1 1  -- 3  -- 1  -- 0  -- 1
1 0 0 1 1 1 1 0  -- 1 1 1 0 0 1 1 1  -- 3  -- 1  -- 0  -- 1
0 1 0 1 1 1 1 0  -- 0 1 0 0 1 1 0 1  -- 3  -- 1  -- 0  -- 1
0 0 1 1 1 1 1 0  -- 0 0 1 0 1 0 1 1  -- 3  -- 1  -- 0  -- 1
1 1 1 1 1 1 1 0  -- 1 0 0 0 0 0 0 1  -- 3  -- 1  -- 0  -- 1
0 0 0 0 0 0 0 1  -- 0 0 0 0 0 0 0 1  -- 3  -- 1  -- 0  -- 1
1 1 0 0 0 0 0 1  -- 1 0 1 0 1 0 1 1  -- 3  -- 1  -- 0  -- 1
1 0 1 0 0 0 0 1  -- 1 1 0 0 1 1 0 1  -- 3  -- 1  -- 0  -- 1
0 1 1 0 0 0 0 1  -- 0 1 1 0 0 1 1 1  -- 3  -- 1  -- 0  -- 1
1 0 0 1 0 0 0 1  -- 1 1 1 0 1 1 1 1  -- 3  -- 1  -- 0  -- 1
0 1 0 1 0 0 0 1  -- 0 1 0 0 0 1 0 1  -- 3  -- 1  -- 0  -- 1
0 0 1 1 0 0 0 1  -- 0 0 1 0 0 0 1 1  -- 3  -- 1  -- 0  -- 1
1 1 1 1 0 0 0 1  -- 1 0 0 0 1 0 0 1  -- 3  -- 1  -- 0  -- 1
1 0 0 0 1 0 0 1  -- 1 1 1 1 0 0 0 1  -- 3  -- 1  -- 0  -- 1
0 1 0 0 1 0 0 1  -- 0 1 0 1 1 0 1 1  -- 3  -- 1  -- 0  -- 1
0 0 1 0 1 0 0 1  -- 0 0 1 1 1 1 0 1  -- 3  -- 1  -- 0  -- 1
1 1 1 0 1 0 0 1  -- 1 0 0 1 0 1 1 1  -- 3  -- 1  -- 0  -- 1
0 0 0 1 1 0 0 1  -- 0 0 0 1 1 1 1 1  -- 3  -- 1  -- 0  -- 1
1 1 0 1 1 0 0 1  -- 1 0 1 1 0 1 0 1  -- 3  -- 1  -- 0  -- 1
1 0 1 1 1 0 0 1  -- 1 1 0 1 0 0 1 1  -- 3  -- 1  -- 0  -- 1
0 1 1 1 1 0 0 1  -- 0 1 1 1 1 0 0 1  -- 3  -- 1  -- 0  -- 1
1 0 0 0 0 1 0 1  -- 1 1 1 1 1 0 1 1  -- 3  -- 1  -- 0  -- 1
0 1 0 0 0 1 0 1  -- 0 1 0 1 0 0 0 1  -- 3  -- 1  -- 0  -- 1
0 0 1 0 0 1 0 1  -- 0 0 1 1 0 1 1 1  -- 3  -- 1  -- 0  -- 1
1 1 1 0 0 1 0 1  -- 1 0 0 1 1 1 0 1  -- 3  -- 1  -- 0  -- 1
0 0 0 1 0 1 0 1  -- 0 0 0 1 0 1 0 1  -- 3  -- 1  -- 0  -- 1
1 1 0 1 0 1 0 1  -- 1 0 1 1 1 1 1 1  -- 3  -- 1  -- 0  -- 1
1 0 1 1 0 1 0 1  -- 1 1 0 1 1 0 0 1  -- 3  -- 1  -- 0  -- 1
0 1 1 1 0 1 0 1  -- 0 1 1 1 0 0 1 1  -- 3  -- 1  -- 0  -- 1
0 0 0 0 1 1 0 1  -- 0 0 0 0 1 0 1 1  -- 3  -- 1  -- 0  -- 1
1 1 0 0 1 1 0 1  -- 1 0 1 0 0 0 0 1  -- 3  -- 1  -- 0  -- 1
1 0 1 0 1 1 0 1  -- 1 1 0 0 0 1 1 1  -- 3  -- 1  -- 0  -- 1
0 1 1 0 1 1 0 1  -- 0 1 1 0 1 1 0 1  -- 3  -- 1  -- 0  -- 1
1 0 0 1 1 1 0 1  -- 1 1 1 0 0 1 0 1  -- 3  -- 1  -- 0  -- 1
0 1 0 1 1 1 0 1  -- 0 1 0 0 1 1 1 1  -- 3  -- 1  -- 0  -- 1
0 0 1 1 1 1 0 1  -- 0 0 1 0 1 0 0 1  -- 3  -- 1  -- 0  -- 1
1 1 1 1 1 1 0 1  -- 1 0 0 0 0 0 1 1  -- 3  -- 1  -- 0  -- 1
1 0 0 0 0 0 1 1  -- 1 1 1 1 1 1 0 1  -- 3  -- 1  -- 0  -- 1
0 1 0 0 0 0 1 1  -- 0 1 0 1 0 1 1 1  -- 3  -- 1  -- 0  -- 1
0 0 1 0 0 0 1 1  -- 0 0 1 1 0 0 0 1  -- 3  -- 1  -- 0  -- 1
1 1 1 0 0 0 1 1  -- 1 0 0 1 1 0 1 1  -- 3  -- 1  -- 0  -- 1
0 0 0 1 0 0 1 1  -- 0 0 0 1 0 0 1 1  -- 3  -- 1  -- 0  -- 1
1 1 0 1 0 0 1 1  -- 1 0 1 1 1 0 0 1  -- 3  -- 1  -- 0  -- 1
1 0 1 1 0 0 1 1  -- 1 1 0 1 1 1 1 1  -- 3  -- 1  -- 0  -- 1
0 1 1 1 0 0 1 1  -- 0 1 1 1 0 1 0 1  -- 3  -- 1  -- 0  -- 1
0 0 0 0 1 0 1 1  -- 0 0 0 0 1 1 0 1  -- 3  -- 1  -- 0  -- 1
1 1 0 0 1 0 1 1  -- 1 0 1 0 0 1 1 1  -- 3  -- 1  -- 0  -- 1
1 0 1 0 1 0 1 1  -- 1 1 0 0 0 0 0 1  -- 3  -- 1  -- 0  -- 1
0 1 1 0 1 0 1 1  -- 0 1 1 0 1 0 1 1  -- 3  -- 1  -- 0  -- 1
1 0 0 1 1 0 1 1  -- 1 1 1 0 0 0 1 1  -- 3  -- 1  -- 0  -- 1
0 1 0 1 1 0 1 1  -- 0 1 0 0 1 0 0 1  -- 3  -- 1  -- 0  -- 1
0 0 1 1 1 0 1 1  -- 0 0 1 0 1 1 1 1  -- 3  -- 1  -- 0  -- 1
1 1 1 1 1 0 1 1  -- 1 0 0 0 0 1 0 1  -- 3  -- 1  -- 0  -- 1
0 0 0 0 0 1 1 1  -- 0 0 0 0 0 1 1 1  -- 3  -- 1  -- 0  -- 1
1 1 0 0 0 1 1 1  -- 1 0 1 0 1 1 0 1  -- 3  -- 1  -- 0  -- 1
1 0 1 0 0 1 1 1  -- 1 1 0 0 1 0 1 1  -- 3  -- 1  -- 0  -- 1
0 1 1 0 0 1 1 1  -- 0 1 1 0 0 0 0 1  -- 3  -- 1  -- 0  -- 1
1 0 0 1 0 1 1 1  -- 1 1 1 0 1 0 0 1  -- 3  -- 1  -- 0  -- 1
0 1 0 1 0 1 1 1  -- 0 1 0 0 0 0 1 1  -- 3  -- 1  -- 0  -- 1
0 0 1 1 0 1 1 1  -- 0 0 1 0 0 1 0 1  -- 3  -- 1  -- 0  -- 1
1 1 1 1 0 1 1 1  -- 1 0 0 0 1 1 1 1  -- 3  -- 1  -- 0  -- 1
1 0 0 0 1 1 1 1  -- 1 1 1 1 0 1 1 1  -- 3  -- 1  -- 0  -- 1
0 1 0 0 1 1 1 1  -- 0 1 0 1 1 1 0 1  -- 3  -- 1  -- 0  -- 1
0 0 1 0 1 1 1 1  -- 0 0 1 1 1 0 1 1  -- 3  -- 1  -- 0  -- 1
1 1 1 0 1 1 1 1  -- 1 0 0 1 0 0 0 1  -- 3  -- 1  -- 0  -- 1
0 0 0 1 1 1 1 1  -- 0 0 0 1 1 0 0 1  -- 3  -- 1  -- 0  -- 1
1 1 0 1 1 1 1 1  -- 1 0 1 1 0 0 1 1  -- 3  -- 1  -- 0  -- 1
1 0 1 1 1 1 1 1  -- 1 1 0 1 0 1 0 1  -- 3  -- 1  -- 0  -- 1
0 1 1 1 1 1 1 1  -- 0 1 1 1 1 1 1 1  -- 3  -- 1  -- 0  -- 1
