#!/usr/bin/env python3
data="""
         Truth Table                               ANF                   DEG     NL    CI     AI
-------------------------------      -------------------------------     ---    ---    ---    ---
1 0 0 0 0 0 0 0 0 0 0 0 0 0 0 0  --  1 1 1 1 1 1 1 1 1 1 1 1 1 1 1 1  --  4  --  1  --  0  --  1
0 1 0 0 0 0 0 0 0 0 0 0 0 0 0 0  --  0 1 0 1 0 1 0 1 0 1 0 1 0 1 0 1  --  4  --  1  --  0  --  1
0 0 1 0 0 0 0 0 0 0 0 0 0 0 0 0  --  0 0 1 1 0 0 1 1 0 0 1 1 0 0 1 1  --  4  --  1  --  0  --  1
0 0 0 1 0 0 0 0 0 0 0 0 0 0 0 0  --  0 0 0 1 0 0 0 1 0 0 0 1 0 0 0 1  --  4  --  1  --  1  --  1
0 0 0 0 1 0 0 0 0 0 0 0 0 0 0 0  --  0 0 0 0 1 1 1 1 0 0 0 0 1 1 1 1  --  4  --  1  --  0  --  1
0 0 0 0 0 1 0 0 0 0 0 0 0 0 0 0  --  0 0 0 0 0 1 0 1 0 0 0 0 0 1 0 1  --  4  --  1  --  1  --  1
0 0 0 0 0 0 1 0 0 0 0 0 0 0 0 0  --  0 0 0 0 0 0 1 1 0 0 0 0 0 0 1 1  --  4  --  1  --  1  --  1
1 1 1 1 1 1 1 0 0 0 0 0 0 0 0 0  --  1 0 0 0 0 0 0 1 1 0 0 0 0 0 0 1  --  4  --  1  --  0  --  1
0 0 0 0 0 0 0 1 0 0 0 0 0 0 0 0  --  0 0 0 0 0 0 0 1 0 0 0 0 0 0 0 1  --  4  --  1  --  0  --  1
1 1 1 1 1 1 0 1 0 0 0 0 0 0 0 0  --  1 0 0 0 0 0 1 1 1 0 0 0 0 0 1 1  --  4  --  1  --  0  --  1
1 1 1 1 1 0 1 1 0 0 0 0 0 0 0 0  --  1 0 0 0 0 1 0 1 1 0 0 0 0 1 0 1  --  4  --  1  --  0  --  1
1 1 1 1 0 1 1 1 0 0 0 0 0 0 0 0  --  1 0 0 0 1 1 1 1 1 0 0 0 1 1 1 1  --  4  --  1  --  0  --  1
1 1 1 0 1 1 1 1 0 0 0 0 0 0 0 0  --  1 0 0 1 0 0 0 1 1 0 0 1 0 0 0 1  --  4  --  1  --  0  --  1
1 1 0 1 1 1 1 1 0 0 0 0 0 0 0 0  --  1 0 1 1 0 0 1 1 1 0 1 1 0 0 1 1  --  4  --  1  --  0  --  1
1 0 1 1 1 1 1 1 0 0 0 0 0 0 0 0  --  1 1 0 1 0 1 0 1 1 1 0 1 0 1 0 1  --  4  --  1  --  0  --  1
0 1 1 1 1 1 1 1 0 0 0 0 0 0 0 0  --  0 1 1 1 1 1 1 1 0 1 1 1 1 1 1 1  --  4  --  1  --  0  --  1
0 0 0 0 0 0 0 0 1 0 0 0 0 0 0 0  --  0 0 0 0 0 0 0 0 1 1 1 1 1 1 1 1  --  4  --  1  --  0  --  1
1 1 1 1 1 1 1 1 1 0 0 0 0 0 0 0  --  1 0 0 0 0 0 0 0 0 1 1 1 1 1 1 1  --  4  --  1  --  0  --  1
0 0 0 0 0 0 0 0 0 1 0 0 0 0 0 0  --  0 0 0 0 0 0 0 0 0 1 0 1 0 1 0 1  --  4  --  1  --  1  --  1
1 1 1 1 1 1 1 1 0 1 0 0 0 0 0 0  --  1 0 0 0 0 0 0 0 1 1 0 1 0 1 0 1  --  4  --  1  --  0  --  1
0 0 0 0 0 0 0 0 0 0 1 0 0 0 0 0  --  0 0 0 0 0 0 0 0 0 0 1 1 0 0 1 1  --  4  --  1  --  1  --  1
1 1 1 1 1 1 1 1 0 0 1 0 0 0 0 0  --  1 0 0 0 0 0 0 0 1 0 1 1 0 0 1 1  --  4  --  1  --  0  --  1
1 1 1 1 0 0 0 0 1 1 1 0 0 0 0 0  --  1 0 0 0 1 0 0 0 0 0 0 1 0 0 0 1  --  4  --  1  --  0  --  1
0 0 0 0 1 1 1 1 1 1 1 0 0 0 0 0  --  0 0 0 0 1 0 0 0 1 0 0 1 0 0 0 1  --  4  --  1  --  0  --  1
0 0 0 0 0 0 0 0 0 0 0 1 0 0 0 0  --  0 0 0 0 0 0 0 0 0 0 0 1 0 0 0 1  --  4  --  1  --  0  --  1
1 1 1 1 1 1 1 1 0 0 0 1 0 0 0 0  --  1 0 0 0 0 0 0 0 1 0 0 1 0 0 0 1  --  4  --  1  --  0  --  1
1 1 1 1 0 0 0 0 1 1 0 1 0 0 0 0  --  1 0 0 0 1 0 0 0 0 0 1 1 0 0 1 1  --  4  --  1  --  0  --  1
0 0 0 0 1 1 1 1 1 1 0 1 0 0 0 0  --  0 0 0 0 1 0 0 0 1 0 1 1 0 0 1 1  --  4  --  1  --  1  --  1
1 1 1 1 0 0 0 0 1 0 1 1 0 0 0 0  --  1 0 0 0 1 0 0 0 0 1 0 1 0 1 0 1  --  4  --  1  --  0  --  1
0 0 0 0 1 1 1 1 1 0 1 1 0 0 0 0  --  0 0 0 0 1 0 0 0 1 1 0 1 0 1 0 1  --  4  --  1  --  1  --  1
1 1 1 1 0 0 0 0 0 1 1 1 0 0 0 0  --  1 0 0 0 1 0 0 0 1 1 1 1 1 1 1 1  --  4  --  1  --  0  --  1
0 0 0 0 1 1 1 1 0 1 1 1 0 0 0 0  --  0 0 0 0 1 0 0 0 0 1 1 1 1 1 1 1  --  4  --  1  --  0  --  1
1 1 1 0 0 0 0 0 1 1 1 1 0 0 0 0  --  1 0 0 1 1 0 0 1 0 0 0 1 0 0 0 1  --  4  --  1  --  0  --  1
1 1 0 1 0 0 0 0 1 1 1 1 0 0 0 0  --  1 0 1 1 1 0 1 1 0 0 1 1 0 0 1 1  --  4  --  1  --  0  --  1
1 0 1 1 0 0 0 0 1 1 1 1 0 0 0 0  --  1 1 0 1 1 1 0 1 0 1 0 1 0 1 0 1  --  4  --  1  --  0  --  1
0 1 1 1 0 0 0 0 1 1 1 1 0 0 0 0  --  0 1 1 1 0 1 1 1 1 1 1 1 1 1 1 1  --  4  --  1  --  0  --  1
1 1 1 1 1 0 0 0 1 1 1 1 0 0 0 0  --  1 0 0 0 0 1 1 1 0 0 0 0 1 1 1 1  --  4  --  1  --  0  --  1
1 1 1 1 0 1 0 0 1 1 1 1 0 0 0 0  --  1 0 0 0 1 1 0 1 0 0 0 0 0 1 0 1  --  4  --  1  --  0  --  1
1 1 1 1 0 0 1 0 1 1 1 1 0 0 0 0  --  1 0 0 0 1 0 1 1 0 0 0 0 0 0 1 1  --  4  --  1  --  0  --  1
0 0 0 0 1 1 1 0 1 1 1 1 0 0 0 0  --  0 0 0 0 1 0 0 1 1 0 0 0 0 0 0 1  --  4  --  1  --  0  --  1
1 1 1 1 0 0 0 1 1 1 1 1 0 0 0 0  --  1 0 0 0 1 0 0 1 0 0 0 0 0 0 0 1  --  4  --  1  --  0  --  1
0 0 0 0 1 1 0 1 1 1 1 1 0 0 0 0  --  0 0 0 0 1 0 1 1 1 0 0 0 0 0 1 1  --  4  --  1  --  1  --  1
0 0 0 0 1 0 1 1 1 1 1 1 0 0 0 0  --  0 0 0 0 1 1 0 1 1 0 0 0 0 1 0 1  --  4  --  1  --  1  --  1
0 0 0 0 0 1 1 1 1 1 1 1 0 0 0 0  --  0 0 0 0 0 1 1 1 1 0 0 0 1 1 1 1  --  4  --  1  --  0  --  1
1 0 0 0 1 1 1 1 1 1 1 1 0 0 0 0  --  1 1 1 1 0 1 1 1 0 1 1 1 1 1 1 1  --  4  --  1  --  0  --  1
0 1 0 0 1 1 1 1 1 1 1 1 0 0 0 0  --  0 1 0 1 1 1 0 1 1 1 0 1 0 1 0 1  --  4  --  1  --  0  --  1
0 0 1 0 1 1 1 1 1 1 1 1 0 0 0 0  --  0 0 1 1 1 0 1 1 1 0 1 1 0 0 1 1  --  4  --  1  --  0  --  1
0 0 0 1 1 1 1 1 1 1 1 1 0 0 0 0  --  0 0 0 1 1 0 0 1 1 0 0 1 0 0 0 1  --  4  --  1  --  1  --  1
0 0 0 0 0 0 0 0 0 0 0 0 1 0 0 0  --  0 0 0 0 0 0 0 0 0 0 0 0 1 1 1 1  --  4  --  1  --  1  --  1
1 1 1 1 1 1 1 1 0 0 0 0 1 0 0 0  --  1 0 0 0 0 0 0 0 1 0 0 0 1 1 1 1  --  4  --  1  --  0  --  1
1 1 0 0 1 1 0 0 1 1 0 0 1 0 0 0  --  1 0 1 0 0 0 0 0 0 0 0 0 0 1 0 1  --  4  --  1  --  0  --  1
0 0 1 1 0 0 1 1 1 1 0 0 1 0 0 0  --  0 0 1 0 0 0 0 0 1 0 0 0 0 1 0 1  --  4  --  1  --  0  --  1
1 0 1 0 1 0 1 0 1 0 1 0 1 0 0 0  --  1 1 0 0 0 0 0 0 0 0 0 0 0 0 1 1  --  4  --  1  --  0  --  1
0 1 0 1 0 1 0 1 1 0 1 0 1 0 0 0  --  0 1 0 0 0 0 0 0 1 0 0 0 0 0 1 1  --  4  --  1  --  0  --  1
1 0 0 1 0 1 1 0 0 1 1 0 1 0 0 0  --  1 1 1 0 1 0 0 0 1 0 0 0 0 0 0 1  --  4  --  1  --  0  --  1
0 1 1 0 1 0 0 1 0 1 1 0 1 0 0 0  --  0 1 1 0 1 0 0 0 0 0 0 0 0 0 0 1  --  4  --  1  --  0  --  1
0 1 1 0 0 1 1 0 1 0 0 1 1 0 0 0  --  0 1 1 0 0 0 0 0 1 0 0 0 0 0 0 1  --  4  --  1  --  0  --  1
1 0 0 1 1 0 0 1 1 0 0 1 1 0 0 0  --  1 1 1 0 0 0 0 0 0 0 0 0 0 0 0 1  --  4  --  1  --  0  --  1
0 1 0 1 1 0 1 0 0 1 0 1 1 0 0 0  --  0 1 0 0 1 0 0 0 0 0 0 0 0 0 1 1  --  4  --  1  --  0  --  1
1 0 1 0 0 1 0 1 0 1 0 1 1 0 0 0  --  1 1 0 0 1 0 0 0 1 0 0 0 0 0 1 1  --  4  --  1  --  0  --  1
0 0 1 1 1 1 0 0 0 0 1 1 1 0 0 0  --  0 0 1 0 1 0 0 0 0 0 0 0 0 1 0 1  --  4  --  1  --  0  --  1
1 1 0 0 0 0 1 1 0 0 1 1 1 0 0 0  --  1 0 1 0 1 0 0 0 1 0 0 0 0 1 0 1  --  4  --  1  --  0  --  1
1 1 1 1 0 0 0 0 1 1 1 1 1 0 0 0  --  1 0 0 0 1 0 0 0 0 0 0 0 1 1 1 1  --  4  --  1  --  0  --  1
0 0 0 0 1 1 1 1 1 1 1 1 1 0 0 0  --  0 0 0 0 1 0 0 0 1 0 0 0 1 1 1 1  --  4  --  1  --  1  --  1
0 0 0 0 0 0 0 0 0 0 0 0 0 1 0 0  --  0 0 0 0 0 0 0 0 0 0 0 0 0 1 0 1  --  4  --  1  --  0  --  1
1 1 1 1 1 1 1 1 0 0 0 0 0 1 0 0  --  1 0 0 0 0 0 0 0 1 0 0 0 0 1 0 1  --  4  --  1  --  0  --  1
1 1 0 0 1 1 0 0 1 1 0 0 0 1 0 0  --  1 0 1 0 0 0 0 0 0 0 0 0 1 1 1 1  --  4  --  1  --  0  --  1
0 0 1 1 0 0 1 1 1 1 0 0 0 1 0 0  --  0 0 1 0 0 0 0 0 1 0 0 0 1 1 1 1  --  4  --  1  --  1  --  1
0 1 0 1 1 0 1 0 1 0 1 0 0 1 0 0  --  0 1 0 0 1 0 0 0 1 0 0 0 0 0 0 1  --  4  --  1  --  0  --  1
1 0 1 0 0 1 0 1 1 0 1 0 0 1 0 0  --  1 1 0 0 1 0 0 0 0 0 0 0 0 0 0 1  --  4  --  1  --  0  --  1
0 1 1 0 0 1 1 0 0 1 1 0 0 1 0 0  --  0 1 1 0 0 0 0 0 0 0 0 0 0 0 1 1  --  4  --  1  --  0  --  1
1 0 0 1 1 0 0 1 0 1 1 0 0 1 0 0  --  1 1 1 0 0 0 0 0 1 0 0 0 0 0 1 1  --  4  --  1  --  0  --  1
1 0 0 1 0 1 1 0 1 0 0 1 0 1 0 0  --  1 1 1 0 1 0 0 0 0 0 0 0 0 0 1 1  --  4  --  1  --  0  --  1
0 1 1 0 1 0 0 1 1 0 0 1 0 1 0 0  --  0 1 1 0 1 0 0 0 1 0 0 0 0 0 1 1  --  4  --  1  --  0  --  1
1 0 1 0 1 0 1 0 0 1 0 1 0 1 0 0  --  1 1 0 0 0 0 0 0 1 0 0 0 0 0 0 1  --  4  --  1  --  0  --  1
0 1 0 1 0 1 0 1 0 1 0 1 0 1 0 0  --  0 1 0 0 0 0 0 0 0 0 0 0 0 0 0 1  --  4  --  1  --  0  --  1
0 0 1 1 1 1 0 0 0 0 1 1 0 1 0 0  --  0 0 1 0 1 0 0 0 0 0 0 0 1 1 1 1  --  4  --  1  --  1  --  1
1 1 0 0 0 0 1 1 0 0 1 1 0 1 0 0  --  1 0 1 0 1 0 0 0 1 0 0 0 1 1 1 1  --  4  --  1  --  1  --  1
1 1 1 1 0 0 0 0 1 1 1 1 0 1 0 0  --  1 0 0 0 1 0 0 0 0 0 0 0 0 1 0 1  --  4  --  1  --  0  --  1
0 0 0 0 1 1 1 1 1 1 1 1 0 1 0 0  --  0 0 0 0 1 0 0 0 1 0 0 0 0 1 0 1  --  4  --  1  --  0  --  1
1 1 0 0 1 1 0 0 1 0 0 0 1 1 0 0  --  1 0 1 0 0 0 0 0 0 1 0 1 0 1 0 1  --  4  --  1  --  0  --  1
0 0 1 1 0 0 1 1 1 0 0 0 1 1 0 0  --  0 0 1 0 0 0 0 0 1 1 0 1 0 1 0 1  --  4  --  1  --  1  --  1
1 1 0 0 1 1 0 0 0 1 0 0 1 1 0 0  --  1 0 1 0 0 0 0 0 1 1 1 1 1 1 1 1  --  4  --  1  --  0  --  1
0 0 1 1 0 0 1 1 0 1 0 0 1 1 0 0  --  0 0 1 0 0 0 0 0 0 1 1 1 1 1 1 1  --  4  --  1  --  0  --  1
1 1 0 0 1 0 0 0 1 1 0 0 1 1 0 0  --  1 0 1 0 0 1 0 1 0 0 0 0 0 1 0 1  --  4  --  1  --  0  --  1
1 1 0 0 0 1 0 0 1 1 0 0 1 1 0 0  --  1 0 1 0 1 1 1 1 0 0 0 0 1 1 1 1  --  4  --  1  --  0  --  1
1 0 0 0 1 1 0 0 1 1 0 0 1 1 0 0  --  1 1 1 1 0 1 0 1 0 1 0 1 0 1 0 1  --  4  --  1  --  0  --  1
0 1 0 0 1 1 0 0 1 1 0 0 1 1 0 0  --  0 1 0 1 1 1 1 1 1 1 1 1 1 1 1 1  --  4  --  1  --  0  --  1
1 1 1 0 1 1 0 0 1 1 0 0 1 1 0 0  --  1 0 0 1 0 0 1 1 0 0 1 1 0 0 1 1  --  4  --  1  --  0  --  1
1 1 0 1 1 1 0 0 1 1 0 0 1 1 0 0  --  1 0 1 1 0 0 0 1 0 0 0 1 0 0 0 1  --  4  --  1  --  0  --  1
0 0 1 1 0 0 1 0 1 1 0 0 1 1 0 0  --  0 0 1 0 0 0 0 1 1 0 0 0 0 0 0 1  --  4  --  1  --  0  --  1
1 1 0 0 1 1 1 0 1 1 0 0 1 1 0 0  --  1 0 1 0 0 0 1 1 0 0 0 0 0 0 1 1  --  4  --  1  --  0  --  1
0 0 1 1 0 0 0 1 1 1 0 0 1 1 0 0  --  0 0 1 0 0 0 1 1 1 0 0 0 0 0 1 1  --  4  --  1  --  1  --  1
1 1 0 0 1 1 0 1 1 1 0 0 1 1 0 0  --  1 0 1 0 0 0 0 1 0 0 0 0 0 0 0 1  --  4  --  1  --  0  --  1
0 0 1 0 0 0 1 1 1 1 0 0 1 1 0 0  --  0 0 1 1 0 0 0 1 1 0 0 1 0 0 0 1  --  4  --  1  --  1  --  1
0 0 0 1 0 0 1 1 1 1 0 0 1 1 0 0  --  0 0 0 1 0 0 1 1 1 0 1 1 0 0 1 1  --  4  --  1  --  0  --  1
1 0 1 1 0 0 1 1 1 1 0 0 1 1 0 0  --  1 1 0 1 1 1 1 1 0 1 1 1 1 1 1 1  --  4  --  1  --  0  --  1
0 1 1 1 0 0 1 1 1 1 0 0 1 1 0 0  --  0 1 1 1 0 1 0 1 1 1 0 1 0 1 0 1  --  4  --  1  --  0  --  1
0 0 1 1 1 0 1 1 1 1 0 0 1 1 0 0  --  0 0 1 0 1 1 1 1 1 0 0 0 1 1 1 1  --  4  --  1  --  0  --  1
0 0 1 1 0 1 1 1 1 1 0 0 1 1 0 0  --  0 0 1 0 0 1 0 1 1 0 0 0 0 1 0 1  --  4  --  1  --  1  --  1
0 0 1 1 1 1 0 0 0 0 1 0 1 1 0 0  --  0 0 1 0 1 0 0 0 0 0 0 1 0 0 0 1  --  4  --  1  --  0  --  1
1 1 0 0 0 0 1 1 0 0 1 0 1 1 0 0  --  1 0 1 0 1 0 0 0 1 0 0 1 0 0 0 1  --  4  --  1  --  0  --  1
1 1 0 0 1 1 0 0 1 1 1 0 1 1 0 0  --  1 0 1 0 0 0 0 0 0 0 1 1 0 0 1 1  --  4  --  1  --  0  --  1
0 0 1 1 0 0 1 1 1 1 1 0 1 1 0 0  --  0 0 1 0 0 0 0 0 1 0 1 1 0 0 1 1  --  4  --  1  --  1  --  1
0 0 1 1 1 1 0 0 0 0 0 1 1 1 0 0  --  0 0 1 0 1 0 0 0 0 0 1 1 0 0 1 1  --  4  --  1  --  1  --  1
1 1 0 0 0 0 1 1 0 0 0 1 1 1 0 0  --  1 0 1 0 1 0 0 0 1 0 1 1 0 0 1 1  --  4  --  1  --  1  --  1
1 1 0 0 1 1 0 0 1 1 0 1 1 1 0 0  --  1 0 1 0 0 0 0 0 0 0 0 1 0 0 0 1  --  4  --  1  --  0  --  1
0 0 1 1 0 0 1 1 1 1 0 1 1 1 0 0  --  0 0 1 0 0 0 0 0 1 0 0 1 0 0 0 1  --  4  --  1  --  0  --  1
0 0 1 1 1 0 0 0 0 0 1 1 1 1 0 0  --  0 0 1 0 1 1 0 1 0 0 0 0 0 1 0 1  --  4  --  1  --  1  --  1
0 0 1 1 0 1 0 0 0 0 1 1 1 1 0 0  --  0 0 1 0 0 1 1 1 0 0 0 0 1 1 1 1  --  4  --  1  --  0  --  1
0 0 1 0 1 1 0 0 0 0 1 1 1 1 0 0  --  0 0 1 1 1 0 0 1 0 0 0 1 0 0 0 1  --  4  --  1  --  1  --  1
0 0 0 1 1 1 0 0 0 0 1 1 1 1 0 0  --  0 0 0 1 1 0 1 1 0 0 1 1 0 0 1 1  --  4  --  1  --  0  --  1
1 0 1 1 1 1 0 0 0 0 1 1 1 1 0 0  --  1 1 0 1 0 1 1 1 1 1 1 1 1 1 1 1  --  4  --  1  --  0  --  1
0 1 1 1 1 1 0 0 0 0 1 1 1 1 0 0  --  0 1 1 1 1 1 0 1 0 1 0 1 0 1 0 1  --  4  --  1  --  0  --  1
1 1 0 0 0 0 1 0 0 0 1 1 1 1 0 0  --  1 0 1 0 1 0 0 1 1 0 0 0 0 0 0 1  --  4  --  1  --  0  --  1
0 0 1 1 1 1 1 0 0 0 1 1 1 1 0 0  --  0 0 1 0 1 0 1 1 0 0 0 0 0 0 1 1  --  4  --  1  --  1  --  1
1 1 0 0 0 0 0 1 0 0 1 1 1 1 0 0  --  1 0 1 0 1 0 1 1 1 0 0 0 0 0 1 1  --  4  --  1  --  1  --  1
0 0 1 1 1 1 0 1 0 0 1 1 1 1 0 0  --  0 0 1 0 1 0 0 1 0 0 0 0 0 0 0 1  --  4  --  1  --  0  --  1
1 0 0 0 0 0 1 1 0 0 1 1 1 1 0 0  --  1 1 1 1 1 1 0 1 1 1 0 1 0 1 0 1  --  4  --  1  --  0  --  1
0 1 0 0 0 0 1 1 0 0 1 1 1 1 0 0  --  0 1 0 1 0 1 1 1 0 1 1 1 1 1 1 1  --  4  --  1  --  0  --  1
1 1 1 0 0 0 1 1 0 0 1 1 1 1 0 0  --  1 0 0 1 1 0 1 1 1 0 1 1 0 0 1 1  --  4  --  1  --  0  --  1
1 1 0 1 0 0 1 1 0 0 1 1 1 1 0 0  --  1 0 1 1 1 0 0 1 1 0 0 1 0 0 0 1  --  4  --  1  --  1  --  1
1 1 0 0 1 0 1 1 0 0 1 1 1 1 0 0  --  1 0 1 0 0 1 1 1 1 0 0 0 1 1 1 1  --  4  --  1  --  0  --  1
1 1 0 0 0 1 1 1 0 0 1 1 1 1 0 0  --  1 0 1 0 1 1 0 1 1 0 0 0 0 1 0 1  --  4  --  1  --  1  --  1
0 0 1 1 1 1 0 0 1 0 1 1 1 1 0 0  --  0 0 1 0 1 0 0 0 1 1 1 1 1 1 1 1  --  4  --  1  --  0  --  1
1 1 0 0 0 0 1 1 1 0 1 1 1 1 0 0  --  1 0 1 0 1 0 0 0 0 1 1 1 1 1 1 1  --  4  --  1  --  0  --  1
0 0 1 1 1 1 0 0 0 1 1 1 1 1 0 0  --  0 0 1 0 1 0 0 0 0 1 0 1 0 1 0 1  --  4  --  1  --  1  --  1
1 1 0 0 0 0 1 1 0 1 1 1 1 1 0 0  --  1 0 1 0 1 0 0 0 1 1 0 1 0 1 0 1  --  4  --  1  --  1  --  1
0 0 0 0 0 0 0 0 0 0 0 0 0 0 1 0  --  0 0 0 0 0 0 0 0 0 0 0 0 0 0 1 1  --  4  --  1  --  0  --  1
1 1 1 1 1 1 1 1 0 0 0 0 0 0 1 0  --  1 0 0 0 0 0 0 0 1 0 0 0 0 0 1 1  --  4  --  1  --  0  --  1
0 0 1 1 1 1 0 0 1 1 0 0 0 0 1 0  --  0 0 1 0 1 0 0 0 1 0 0 0 0 0 0 1  --  4  --  1  --  0  --  1
1 1 0 0 0 0 1 1 1 1 0 0 0 0 1 0  --  1 0 1 0 1 0 0 0 0 0 0 0 0 0 0 1  --  4  --  1  --  0  --  1
1 0 1 0 1 0 1 0 1 0 1 0 0 0 1 0  --  1 1 0 0 0 0 0 0 0 0 0 0 1 1 1 1  --  4  --  1  --  0  --  1
0 1 0 1 0 1 0 1 1 0 1 0 0 0 1 0  --  0 1 0 0 0 0 0 0 1 0 0 0 1 1 1 1  --  4  --  1  --  1  --  1
0 1 1 0 0 1 1 0 0 1 1 0 0 0 1 0  --  0 1 1 0 0 0 0 0 0 0 0 0 0 1 0 1  --  4  --  1  --  0  --  1
1 0 0 1 1 0 0 1 0 1 1 0 0 0 1 0  --  1 1 1 0 0 0 0 0 1 0 0 0 0 1 0 1  --  4  --  1  --  0  --  1
1 0 0 1 0 1 1 0 1 0 0 1 0 0 1 0  --  1 1 1 0 1 0 0 0 0 0 0 0 0 1 0 1  --  4  --  1  --  0  --  1
0 1 1 0 1 0 0 1 1 0 0 1 0 0 1 0  --  0 1 1 0 1 0 0 0 1 0 0 0 0 1 0 1  --  4  --  1  --  0  --  1
0 1 0 1 1 0 1 0 0 1 0 1 0 0 1 0  --  0 1 0 0 1 0 0 0 0 0 0 0 1 1 1 1  --  4  --  1  --  1  --  1
1 0 1 0 0 1 0 1 0 1 0 1 0 0 1 0  --  1 1 0 0 1 0 0 0 1 0 0 0 1 1 1 1  --  4  --  1  --  1  --  1
1 1 0 0 1 1 0 0 0 0 1 1 0 0 1 0  --  1 0 1 0 0 0 0 0 1 0 0 0 0 0 0 1  --  4  --  1  --  0  --  1
0 0 1 1 0 0 1 1 0 0 1 1 0 0 1 0  --  0 0 1 0 0 0 0 0 0 0 0 0 0 0 0 1  --  4  --  1  --  0  --  1
1 1 1 1 0 0 0 0 1 1 1 1 0 0 1 0  --  1 0 0 0 1 0 0 0 0 0 0 0 0 0 1 1  --  4  --  1  --  0  --  1
0 0 0 0 1 1 1 1 1 1 1 1 0 0 1 0  --  0 0 0 0 1 0 0 0 1 0 0 0 0 0 1 1  --  4  --  1  --  0  --  1
1 0 1 0 1 0 1 0 1 0 0 0 1 0 1 0  --  1 1 0 0 0 0 0 0 0 0 1 1 0 0 1 1  --  4  --  1  --  0  --  1
0 1 0 1 0 1 0 1 1 0 0 0 1 0 1 0  --  0 1 0 0 0 0 0 0 1 0 1 1 0 0 1 1  --  4  --  1  --  1  --  1
0 1 0 1 1 0 1 0 0 1 0 0 1 0 1 0  --  0 1 0 0 1 0 0 0 0 0 0 1 0 0 0 1  --  4  --  1  --  0  --  1
1 0 1 0 0 1 0 1 0 1 0 0 1 0 1 0  --  1 1 0 0 1 0 0 0 1 0 0 1 0 0 0 1  --  4  --  1  --  0  --  1
1 0 1 0 1 0 1 0 0 0 1 0 1 0 1 0  --  1 1 0 0 0 0 0 0 1 1 1 1 1 1 1 1  --  4  --  1  --  0  --  1
0 1 0 1 0 1 0 1 0 0 1 0 1 0 1 0  --  0 1 0 0 0 0 0 0 0 1 1 1 1 1 1 1  --  4  --  1  --  0  --  1
1 0 1 0 1 0 0 0 1 0 1 0 1 0 1 0  --  1 1 0 0 0 0 1 1 0 0 0 0 0 0 1 1  --  4  --  1  --  0  --  1
0 1 0 1 0 1 0 0 1 0 1 0 1 0 1 0  --  0 1 0 0 0 0 0 1 1 0 0 0 0 0 0 1  --  4  --  1  --  0  --  1
1 0 1 0 0 0 1 0 1 0 1 0 1 0 1 0  --  1 1 0 0 1 1 1 1 0 0 0 0 1 1 1 1  --  4  --  1  --  0  --  1
1 0 0 0 1 0 1 0 1 0 1 0 1 0 1 0  --  1 1 1 1 0 0 1 1 0 0 1 1 0 0 1 1  --  4  --  1  --  0  --  1
0 0 1 0 1 0 1 0 1 0 1 0 1 0 1 0  --  0 0 1 1 1 1 1 1 1 1 1 1 1 1 1 1  --  4  --  1  --  0  --  1
1 1 1 0 1 0 1 0 1 0 1 0 1 0 1 0  --  1 0 0 1 0 1 0 1 0 1 0 1 0 1 0 1  --  4  --  1  --  0  --  1
1 0 1 1 1 0 1 0 1 0 1 0 1 0 1 0  --  1 1 0 1 0 0 0 1 0 0 0 1 0 0 0 1  --  4  --  1  --  0  --  1
1 0 1 0 1 1 1 0 1 0 1 0 1 0 1 0  --  1 1 0 0 0 1 0 1 0 0 0 0 0 1 0 1  --  4  --  1  --  0  --  1
0 1 0 1 0 0 0 1 1 0 1 0 1 0 1 0  --  0 1 0 0 0 1 0 1 1 0 0 0 0 1 0 1  --  4  --  1  --  1  --  1
0 1 0 0 0 1 0 1 1 0 1 0 1 0 1 0  --  0 1 0 1 0 0 0 1 1 0 0 1 0 0 0 1  --  4  --  1  --  1  --  1
0 0 0 1 0 1 0 1 1 0 1 0 1 0 1 0  --  0 0 0 1 0 1 0 1 1 1 0 1 0 1 0 1  --  4  --  1  --  0  --  1
1 1 0 1 0 1 0 1 1 0 1 0 1 0 1 0  --  1 0 1 1 1 1 1 1 0 1 1 1 1 1 1 1  --  4  --  1  --  0  --  1
0 1 1 1 0 1 0 1 1 0 1 0 1 0 1 0  --  0 1 1 1 0 0 1 1 1 0 1 1 0 0 1 1  --  4  --  1  --  0  --  1
0 1 0 1 1 1 0 1 1 0 1 0 1 0 1 0  --  0 1 0 0 1 1 1 1 1 0 0 0 1 1 1 1  --  4  --  1  --  0  --  1
1 0 1 0 1 0 1 1 1 0 1 0 1 0 1 0  --  1 1 0 0 0 0 0 1 0 0 0 0 0 0 0 1  --  4  --  1  --  0  --  1
0 1 0 1 0 1 1 1 1 0 1 0 1 0 1 0  --  0 1 0 0 0 0 1 1 1 0 0 0 0 0 1 1  --  4  --  1  --  1  --  1
1 0 1 0 1 0 1 0 1 1 1 0 1 0 1 0  --  1 1 0 0 0 0 0 0 0 1 0 1 0 1 0 1  --  4  --  1  --  0  --  1
0 1 0 1 0 1 0 1 1 1 1 0 1 0 1 0  --  0 1 0 0 0 0 0 0 1 1 0 1 0 1 0 1  --  4  --  1  --  1  --  1
0 1 0 1 1 0 1 0 0 0 0 1 1 0 1 0  --  0 1 0 0 1 0 0 0 0 1 0 1 0 1 0 1  --  4  --  1  --  1  --  1
1 0 1 0 0 1 0 1 0 0 0 1 1 0 1 0  --  1 1 0 0 1 0 0 0 1 1 0 1 0 1 0 1  --  4  --  1  --  1  --  1
0 1 0 1 1 0 0 0 0 1 0 1 1 0 1 0  --  0 1 0 0 1 0 1 1 0 0 0 0 0 0 1 1  --  4  --  1  --  1  --  1
1 0 1 0 0 1 0 0 0 1 0 1 1 0 1 0  --  1 1 0 0 1 0 0 1 1 0 0 0 0 0 0 1  --  4  --  1  --  0  --  1
0 1 0 1 0 0 1 0 0 1 0 1 1 0 1 0  --  0 1 0 0 0 1 1 1 0 0 0 0 1 1 1 1  --  4  --  1  --  0  --  1
0 1 0 0 1 0 1 0 0 1 0 1 1 0 1 0  --  0 1 0 1 1 0 0 1 0 0 0 1 0 0 0 1  --  4  --  1  --  1  --  1
0 0 0 1 1 0 1 0 0 1 0 1 1 0 1 0  --  0 0 0 1 1 1 0 1 0 1 0 1 0 1 0 1  --  4  --  1  --  0  --  1
1 1 0 1 1 0 1 0 0 1 0 1 1 0 1 0  --  1 0 1 1 0 1 1 1 1 1 1 1 1 1 1 1  --  4  --  1  --  0  --  1
0 1 1 1 1 0 1 0 0 1 0 1 1 0 1 0  --  0 1 1 1 1 0 1 1 0 0 1 1 0 0 1 1  --  4  --  1  --  0  --  1
0 1 0 1 1 1 1 0 0 1 0 1 1 0 1 0  --  0 1 0 0 1 1 0 1 0 0 0 0 0 1 0 1  --  4  --  1  --  1  --  1
1 0 1 0 0 0 0 1 0 1 0 1 1 0 1 0  --  1 1 0 0 1 1 0 1 1 0 0 0 0 1 0 1  --  4  --  1  --  1  --  1
1 0 0 0 0 1 0 1 0 1 0 1 1 0 1 0  --  1 1 1 1 1 0 1 1 1 0 1 1 0 0 1 1  --  4  --  1  --  0  --  1
0 0 1 0 0 1 0 1 0 1 0 1 1 0 1 0  --  0 0 1 1 0 1 1 1 0 1 1 1 1 1 1 1  --  4  --  1  --  0  --  1
1 1 1 0 0 1 0 1 0 1 0 1 1 0 1 0  --  1 0 0 1 1 1 0 1 1 1 0 1 0 1 0 1  --  4  --  1  --  0  --  1
1 0 1 1 0 1 0 1 0 1 0 1 1 0 1 0  --  1 1 0 1 1 0 0 1 1 0 0 1 0 0 0 1  --  4  --  1  --  1  --  1
1 0 1 0 1 1 0 1 0 1 0 1 1 0 1 0  --  1 1 0 0 0 1 1 1 1 0 0 0 1 1 1 1  --  4  --  1  --  0  --  1
0 1 0 1 1 0 1 1 0 1 0 1 1 0 1 0  --  0 1 0 0 1 0 0 1 0 0 0 0 0 0 0 1  --  4  --  1  --  0  --  1
1 0 1 0 0 1 1 1 0 1 0 1 1 0 1 0  --  1 1 0 0 1 0 1 1 1 0 0 0 0 0 1 1  --  4  --  1  --  1  --  1
0 1 0 1 1 0 1 0 1 1 0 1 1 0 1 0  --  0 1 0 0 1 0 0 0 1 1 1 1 1 1 1 1  --  4  --  1  --  0  --  1
1 0 1 0 0 1 0 1 1 1 0 1 1 0 1 0  --  1 1 0 0 1 0 0 0 0 1 1 1 1 1 1 1  --  4  --  1  --  0  --  1
1 0 1 0 1 0 1 0 1 0 1 1 1 0 1 0  --  1 1 0 0 0 0 0 0 0 0 0 1 0 0 0 1  --  4  --  1  --  0  --  1
0 1 0 1 0 1 0 1 1 0 1 1 1 0 1 0  --  0 1 0 0 0 0 0 0 1 0 0 1 0 0 0 1  --  4  --  1  --  0  --  1
0 1 0 1 1 0 1 0 0 1 1 1 1 0 1 0  --  0 1 0 0 1 0 0 0 0 0 1 1 0 0 1 1  --  4  --  1  --  1  --  1
1 0 1 0 0 1 0 1 0 1 1 1 1 0 1 0  --  1 1 0 0 1 0 0 0 1 0 1 1 0 0 1 1  --  4  --  1  --  1  --  1
1 0 0 1 0 1 1 0 1 0 0 0 0 1 1 0  --  1 1 1 0 1 0 0 0 0 0 0 1 0 0 0 1  --  4  --  1  --  0  --  1
0 1 1 0 1 0 0 1 1 0 0 0 0 1 1 0  --  0 1 1 0 1 0 0 0 1 0 0 1 0 0 0 1  --  4  --  1  --  0  --  1
0 1 1 0 0 1 1 0 0 1 0 0 0 1 1 0  --  0 1 1 0 0 0 0 0 0 0 1 1 0 0 1 1  --  4  --  1  --  1  --  1
1 0 0 1 1 0 0 1 0 1 0 0 0 1 1 0  --  1 1 1 0 0 0 0 0 1 0 1 1 0 0 1 1  --  4  --  1  --  1  --  1
0 1 1 0 0 1 1 0 0 0 1 0 0 1 1 0  --  0 1 1 0 0 0 0 0 0 1 0 1 0 1 0 1  --  4  --  1  --  1  --  1
1 0 0 1 1 0 0 1 0 0 1 0 0 1 1 0  --  1 1 1 0 0 0 0 0 1 1 0 1 0 1 0 1  --  4  --  1  --  1  --  1
1 0 0 1 1 0 0 0 0 1 1 0 0 1 1 0  --  1 1 1 0 0 0 0 1 1 0 0 0 0 0 0 1  --  4  --  1  --  0  --  1
0 1 1 0 0 1 0 0 0 1 1 0 0 1 1 0  --  0 1 1 0 0 0 1 1 0 0 0 0 0 0 1 1  --  4  --  1  --  1  --  1
0 1 1 0 0 0 1 0 0 1 1 0 0 1 1 0  --  0 1 1 0 0 1 0 1 0 0 0 0 0 1 0 1  --  4  --  1  --  1  --  1
0 1 0 0 0 1 1 0 0 1 1 0 0 1 1 0  --  0 1 0 1 0 0 1 1 0 0 1 1 0 0 1 1  --  4  --  1  --  0  --  1
0 0 1 0 0 1 1 0 0 1 1 0 0 1 1 0  --  0 0 1 1 0 1 0 1 0 1 0 1 0 1 0 1  --  4  --  1  --  0  --  1
1 1 1 0 0 1 1 0 0 1 1 0 0 1 1 0  --  1 0 0 1 1 1 1 1 1 1 1 1 1 1 1 1  --  4  --  1  --  0  --  1
0 1 1 1 0 1 1 0 0 1 1 0 0 1 1 0  --  0 1 1 1 0 0 0 1 0 0 0 1 0 0 0 1  --  4  --  1  --  1  --  1
0 1 1 0 1 1 1 0 0 1 1 0 0 1 1 0  --  0 1 1 0 1 1 1 1 0 0 0 0 1 1 1 1  --  4  --  1  --  0  --  1
1 0 0 1 0 0 0 1 0 1 1 0 0 1 1 0  --  1 1 1 0 1 1 1 1 1 0 0 0 1 1 1 1  --  4  --  1  --  0  --  1
1 0 0 0 1 0 0 1 0 1 1 0 0 1 1 0  --  1 1 1 1 0 0 0 1 1 0 0 1 0 0 0 1  --  4  --  1  --  1  --  1
0 0 0 1 1 0 0 1 0 1 1 0 0 1 1 0  --  0 0 0 1 1 1 1 1 0 1 1 1 1 1 1 1  --  4  --  1  --  0  --  1
1 1 0 1 1 0 0 1 0 1 1 0 0 1 1 0  --  1 0 1 1 0 1 0 1 1 1 0 1 0 1 0 1  --  4  --  1  --  0  --  1
1 0 1 1 1 0 0 1 0 1 1 0 0 1 1 0  --  1 1 0 1 0 0 1 1 1 0 1 1 0 0 1 1  --  4  --  1  --  0  --  1
1 0 0 1 1 1 0 1 0 1 1 0 0 1 1 0  --  1 1 1 0 0 1 0 1 1 0 0 0 0 1 0 1  --  4  --  1  --  1  --  1
1 0 0 1 1 0 1 1 0 1 1 0 0 1 1 0  --  1 1 1 0 0 0 1 1 1 0 0 0 0 0 1 1  --  4  --  1  --  1  --  1
0 1 1 0 0 1 1 1 0 1 1 0 0 1 1 0  --  0 1 1 0 0 0 0 1 0 0 0 0 0 0 0 1  --  4  --  1  --  0  --  1
0 1 1 0 0 1 1 0 1 1 1 0 0 1 1 0  --  0 1 1 0 0 0 0 0 1 1 1 1 1 1 1 1  --  4  --  1  --  0  --  1
1 0 0 1 1 0 0 1 1 1 1 0 0 1 1 0  --  1 1 1 0 0 0 0 0 0 1 1 1 1 1 1 1  --  4  --  1  --  0  --  1
1 0 0 1 0 1 1 0 0 0 0 1 0 1 1 0  --  1 1 1 0 1 0 0 0 1 1 1 1 1 1 1 1  --  4  --  1  --  0  --  1
0 1 1 0 1 0 0 1 0 0 0 1 0 1 1 0  --  0 1 1 0 1 0 0 0 0 1 1 1 1 1 1 1  --  4  --  1  --  0  --  1
0 1 1 0 1 0 0 0 1 0 0 1 0 1 1 0  --  0 1 1 0 1 0 0 1 1 0 0 0 0 0 0 1  --  4  --  1  --  0  --  1
1 0 0 1 0 1 0 0 1 0 0 1 0 1 1 0  --  1 1 1 0 1 0 1 1 0 0 0 0 0 0 1 1  --  4  --  1  --  1  --  1
1 0 0 1 0 0 1 0 1 0 0 1 0 1 1 0  --  1 1 1 0 1 1 0 1 0 0 0 0 0 1 0 1  --  4  --  1  --  1  --  1
1 0 0 0 0 1 1 0 1 0 0 1 0 1 1 0  --  1 1 1 1 1 0 0 1 0 0 0 1 0 0 0 1  --  4  --  1  --  1  --  1
0 0 0 1 0 1 1 0 1 0 0 1 0 1 1 0  --  0 0 0 1 0 1 1 1 1 1 1 1 1 1 1 1  --  4  --  1  --  0  --  1
1 1 0 1 0 1 1 0 1 0 0 1 0 1 1 0  --  1 0 1 1 1 1 0 1 0 1 0 1 0 1 0 1  --  4  --  1  --  0  --  1
1 0 1 1 0 1 1 0 1 0 0 1 0 1 1 0  --  1 1 0 1 1 0 1 1 0 0 1 1 0 0 1 1  --  4  --  1  --  0  --  1
1 0 0 1 1 1 1 0 1 0 0 1 0 1 1 0  --  1 1 1 0 0 1 1 1 0 0 0 0 1 1 1 1  --  4  --  1  --  0  --  1
0 1 1 0 0 0 0 1 1 0 0 1 0 1 1 0  --  0 1 1 0 0 1 1 1 1 0 0 0 1 1 1 1  --  4  --  1  --  0  --  1
0 1 0 0 1 0 0 1 1 0 0 1 0 1 1 0  --  0 1 0 1 1 0 1 1 1 0 1 1 0 0 1 1  --  4  --  1  --  0  --  1
0 0 1 0 1 0 0 1 1 0 0 1 0 1 1 0  --  0 0 1 1 1 1 0 1 1 1 0 1 0 1 0 1  --  4  --  1  --  0  --  1
1 1 1 0 1 0 0 1 1 0 0 1 0 1 1 0  --  1 0 0 1 0 1 1 1 0 1 1 1 1 1 1 1  --  4  --  1  --  0  --  1
0 1 1 1 1 0 0 1 1 0 0 1 0 1 1 0  --  0 1 1 1 1 0 0 1 1 0 0 1 0 0 0 1  --  4  --  1  --  1  --  1
0 1 1 0 1 1 0 1 1 0 0 1 0 1 1 0  --  0 1 1 0 1 1 0 1 1 0 0 0 0 1 0 1  --  4  --  1  --  1  --  1
0 1 1 0 1 0 1 1 1 0 0 1 0 1 1 0  --  0 1 1 0 1 0 1 1 1 0 0 0 0 0 1 1  --  4  --  1  --  1  --  1
1 0 0 1 0 1 1 1 1 0 0 1 0 1 1 0  --  1 1 1 0 1 0 0 1 0 0 0 0 0 0 0 1  --  4  --  1  --  0  --  1
1 0 0 1 0 1 1 0 1 1 0 1 0 1 1 0  --  1 1 1 0 1 0 0 0 0 1 0 1 0 1 0 1  --  4  --  1  --  1  --  1
0 1 1 0 1 0 0 1 1 1 0 1 0 1 1 0  --  0 1 1 0 1 0 0 0 1 1 0 1 0 1 0 1  --  4  --  1  --  1  --  1
1 0 0 1 0 1 1 0 1 0 1 1 0 1 1 0  --  1 1 1 0 1 0 0 0 0 0 1 1 0 0 1 1  --  4  --  1  --  1  --  1
0 1 1 0 1 0 0 1 1 0 1 1 0 1 1 0  --  0 1 1 0 1 0 0 0 1 0 1 1 0 0 1 1  --  4  --  1  --  1  --  1
0 1 1 0 0 1 1 0 0 1 1 1 0 1 1 0  --  0 1 1 0 0 0 0 0 0 0 0 1 0 0 0 1  --  4  --  1  --  0  --  1
1 0 0 1 1 0 0 1 0 1 1 1 0 1 1 0  --  1 1 1 0 0 0 0 0 1 0 0 1 0 0 0 1  --  4  --  1  --  0  --  1
1 1 1 1 0 0 0 0 0 0 0 0 1 1 1 0  --  1 0 0 0 1 0 0 0 1 0 0 0 0 0 0 1  --  4  --  1  --  0  --  1
0 0 0 0 1 1 1 1 0 0 0 0 1 1 1 0  --  0 0 0 0 1 0 0 0 0 0 0 0 0 0 0 1  --  4  --  1  --  0  --  1
1 1 0 0 1 1 0 0 1 1 0 0 1 1 1 0  --  1 0 1 0 0 0 0 0 0 0 0 0 0 0 1 1  --  4  --  1  --  0  --  1
0 0 1 1 0 0 1 1 1 1 0 0 1 1 1 0  --  0 0 1 0 0 0 0 0 1 0 0 0 0 0 1 1  --  4  --  1  --  0  --  1
1 0 1 0 1 0 1 0 1 0 1 0 1 1 1 0  --  1 1 0 0 0 0 0 0 0 0 0 0 0 1 0 1  --  4  --  1  --  0  --  1
0 1 0 1 0 1 0 1 1 0 1 0 1 1 1 0  --  0 1 0 0 0 0 0 0 1 0 0 0 0 1 0 1  --  4  --  1  --  0  --  1
0 1 1 0 0 1 1 0 0 1 1 0 1 1 1 0  --  0 1 1 0 0 0 0 0 0 0 0 0 1 1 1 1  --  4  --  1  --  1  --  1
1 0 0 1 1 0 0 1 0 1 1 0 1 1 1 0  --  1 1 1 0 0 0 0 0 1 0 0 0 1 1 1 1  --  4  --  1  --  1  --  1
1 0 0 1 0 1 1 0 1 0 0 1 1 1 1 0  --  1 1 1 0 1 0 0 0 0 0 0 0 1 1 1 1  --  4  --  1  --  1  --  1
0 1 1 0 1 0 0 1 1 0 0 1 1 1 1 0  --  0 1 1 0 1 0 0 0 1 0 0 0 1 1 1 1  --  4  --  1  --  1  --  1
0 1 0 1 1 0 1 0 0 1 0 1 1 1 1 0  --  0 1 0 0 1 0 0 0 0 0 0 0 0 1 0 1  --  4  --  1  --  0  --  1
1 0 1 0 0 1 0 1 0 1 0 1 1 1 1 0  --  1 1 0 0 1 0 0 0 1 0 0 0 0 1 0 1  --  4  --  1  --  0  --  1
0 0 1 1 1 1 0 0 0 0 1 1 1 1 1 0  --  0 0 1 0 1 0 0 0 0 0 0 0 0 0 1 1  --  4  --  1  --  0  --  1
1 1 0 0 0 0 1 1 0 0 1 1 1 1 1 0  --  1 0 1 0 1 0 0 0 1 0 0 0 0 0 1 1  --  4  --  1  --  0  --  1
0 0 0 0 0 0 0 0 1 1 1 1 1 1 1 0  --  0 0 0 0 0 0 0 0 1 0 0 0 0 0 0 1  --  4  --  1  --  0  --  1
1 1 1 1 1 1 1 1 1 1 1 1 1 1 1 0  --  1 0 0 0 0 0 0 0 0 0 0 0 0 0 0 1  --  4  --  1  --  0  --  1
0 0 0 0 0 0 0 0 0 0 0 0 0 0 0 1  --  0 0 0 0 0 0 0 0 0 0 0 0 0 0 0 1  --  4  --  1  --  0  --  1
1 1 1 1 1 1 1 1 0 0 0 0 0 0 0 1  --  1 0 0 0 0 0 0 0 1 0 0 0 0 0 0 1  --  4  --  1  --  0  --  1
0 0 1 1 1 1 0 0 1 1 0 0 0 0 0 1  --  0 0 1 0 1 0 0 0 1 0 0 0 0 0 1 1  --  4  --  1  --  0  --  1
1 1 0 0 0 0 1 1 1 1 0 0 0 0 0 1  --  1 0 1 0 1 0 0 0 0 0 0 0 0 0 1 1  --  4  --  1  --  0  --  1
0 1 0 1 1 0 1 0 1 0 1 0 0 0 0 1  --  0 1 0 0 1 0 0 0 1 0 0 0 0 1 0 1  --  4  --  1  --  0  --  1
1 0 1 0 0 1 0 1 1 0 1 0 0 0 0 1  --  1 1 0 0 1 0 0 0 0 0 0 0 0 1 0 1  --  4  --  1  --  0  --  1
1 0 0 1 0 1 1 0 0 1 1 0 0 0 0 1  --  1 1 1 0 1 0 0 0 1 0 0 0 1 1 1 1  --  4  --  1  --  1  --  1
0 1 1 0 1 0 0 1 0 1 1 0 0 0 0 1  --  0 1 1 0 1 0 0 0 0 0 0 0 1 1 1 1  --  4  --  1  --  1  --  1
0 1 1 0 0 1 1 0 1 0 0 1 0 0 0 1  --  0 1 1 0 0 0 0 0 1 0 0 0 1 1 1 1  --  4  --  1  --  1  --  1
1 0 0 1 1 0 0 1 1 0 0 1 0 0 0 1  --  1 1 1 0 0 0 0 0 0 0 0 0 1 1 1 1  --  4  --  1  --  1  --  1
1 0 1 0 1 0 1 0 0 1 0 1 0 0 0 1  --  1 1 0 0 0 0 0 0 1 0 0 0 0 1 0 1  --  4  --  1  --  0  --  1
0 1 0 1 0 1 0 1 0 1 0 1 0 0 0 1  --  0 1 0 0 0 0 0 0 0 0 0 0 0 1 0 1  --  4  --  1  --  0  --  1
1 1 0 0 1 1 0 0 0 0 1 1 0 0 0 1  --  1 0 1 0 0 0 0 0 1 0 0 0 0 0 1 1  --  4  --  1  --  0  --  1
0 0 1 1 0 0 1 1 0 0 1 1 0 0 0 1  --  0 0 1 0 0 0 0 0 0 0 0 0 0 0 1 1  --  4  --  1  --  0  --  1
1 1 1 1 0 0 0 0 1 1 1 1 0 0 0 1  --  1 0 0 0 1 0 0 0 0 0 0 0 0 0 0 1  --  4  --  1  --  0  --  1
0 0 0 0 1 1 1 1 1 1 1 1 0 0 0 1  --  0 0 0 0 1 0 0 0 1 0 0 0 0 0 0 1  --  4  --  1  --  0  --  1
0 1 1 0 0 1 1 0 1 0 0 0 1 0 0 1  --  0 1 1 0 0 0 0 0 1 0 0 1 0 0 0 1  --  4  --  1  --  0  --  1
1 0 0 1 1 0 0 1 1 0 0 0 1 0 0 1  --  1 1 1 0 0 0 0 0 0 0 0 1 0 0 0 1  --  4  --  1  --  0  --  1
1 0 0 1 0 1 1 0 0 1 0 0 1 0 0 1  --  1 1 1 0 1 0 0 0 1 0 1 1 0 0 1 1  --  4  --  1  --  1  --  1
0 1 1 0 1 0 0 1 0 1 0 0 1 0 0 1  --  0 1 1 0 1 0 0 0 0 0 1 1 0 0 1 1  --  4  --  1  --  1  --  1
1 0 0 1 0 1 1 0 0 0 1 0 1 0 0 1  --  1 1 1 0 1 0 0 0 1 1 0 1 0 1 0 1  --  4  --  1  --  1  --  1
0 1 1 0 1 0 0 1 0 0 1 0 1 0 0 1  --  0 1 1 0 1 0 0 0 0 1 0 1 0 1 0 1  --  4  --  1  --  1  --  1
0 1 1 0 1 0 0 0 0 1 1 0 1 0 0 1  --  0 1 1 0 1 0 0 1 0 0 0 0 0 0 0 1  --  4  --  1  --  0  --  1
1 0 0 1 0 1 0 0 0 1 1 0 1 0 0 1  --  1 1 1 0 1 0 1 1 1 0 0 0 0 0 1 1  --  4  --  1  --  1  --  1
1 0 0 1 0 0 1 0 0 1 1 0 1 0 0 1  --  1 1 1 0 1 1 0 1 1 0 0 0 0 1 0 1  --  4  --  1  --  1  --  1
1 0 0 0 0 1 1 0 0 1 1 0 1 0 0 1  --  1 1 1 1 1 0 0 1 1 0 0 1 0 0 0 1  --  4  --  1  --  1  --  1
0 0 0 1 0 1 1 0 0 1 1 0 1 0 0 1  --  0 0 0 1 0 1 1 1 0 1 1 1 1 1 1 1  --  4  --  1  --  0  --  1
1 1 0 1 0 1 1 0 0 1 1 0 1 0 0 1  --  1 0 1 1 1 1 0 1 1 1 0 1 0 1 0 1  --  4  --  1  --  0  --  1
1 0 1 1 0 1 1 0 0 1 1 0 1 0 0 1  --  1 1 0 1 1 0 1 1 1 0 1 1 0 0 1 1  --  4  --  1  --  0  --  1
1 0 0 1 1 1 1 0 0 1 1 0 1 0 0 1  --  1 1 1 0 0 1 1 1 1 0 0 0 1 1 1 1  --  4  --  1  --  0  --  1
0 1 1 0 0 0 0 1 0 1 1 0 1 0 0 1  --  0 1 1 0 0 1 1 1 0 0 0 0 1 1 1 1  --  4  --  1  --  0  --  1
0 1 0 0 1 0 0 1 0 1 1 0 1 0 0 1  --  0 1 0 1 1 0 1 1 0 0 1 1 0 0 1 1  --  4  --  1  --  0  --  1
0 0 1 0 1 0 0 1 0 1 1 0 1 0 0 1  --  0 0 1 1 1 1 0 1 0 1 0 1 0 1 0 1  --  4  --  1  --  0  --  1
1 1 1 0 1 0 0 1 0 1 1 0 1 0 0 1  --  1 0 0 1 0 1 1 1 1 1 1 1 1 1 1 1  --  4  --  1  --  0  --  1
0 1 1 1 1 0 0 1 0 1 1 0 1 0 0 1  --  0 1 1 1 1 0 0 1 0 0 0 1 0 0 0 1  --  4  --  1  --  1  --  1
0 1 1 0 1 1 0 1 0 1 1 0 1 0 0 1  --  0 1 1 0 1 1 0 1 0 0 0 0 0 1 0 1  --  4  --  1  --  1  --  1
0 1 1 0 1 0 1 1 0 1 1 0 1 0 0 1  --  0 1 1 0 1 0 1 1 0 0 0 0 0 0 1 1  --  4  --  1  --  1  --  1
1 0 0 1 0 1 1 1 0 1 1 0 1 0 0 1  --  1 1 1 0 1 0 0 1 1 0 0 0 0 0 0 1  --  4  --  1  --  0  --  1
1 0 0 1 0 1 1 0 1 1 1 0 1 0 0 1  --  1 1 1 0 1 0 0 0 0 1 1 1 1 1 1 1  --  4  --  1  --  0  --  1
0 1 1 0 1 0 0 1 1 1 1 0 1 0 0 1  --  0 1 1 0 1 0 0 0 1 1 1 1 1 1 1 1  --  4  --  1  --  0  --  1
0 1 1 0 0 1 1 0 0 0 0 1 1 0 0 1  --  0 1 1 0 0 0 0 0 0 1 1 1 1 1 1 1  --  4  --  1  --  0  --  1
1 0 0 1 1 0 0 1 0 0 0 1 1 0 0 1  --  1 1 1 0 0 0 0 0 1 1 1 1 1 1 1 1  --  4  --  1  --  0  --  1
1 0 0 1 1 0 0 0 1 0 0 1 1 0 0 1  --  1 1 1 0 0 0 0 1 0 0 0 0 0 0 0 1  --  4  --  1  --  0  --  1
0 1 1 0 0 1 0 0 1 0 0 1 1 0 0 1  --  0 1 1 0 0 0 1 1 1 0 0 0 0 0 1 1  --  4  --  1  --  1  --  1
0 1 1 0 0 0 1 0 1 0 0 1 1 0 0 1  --  0 1 1 0 0 1 0 1 1 0 0 0 0 1 0 1  --  4  --  1  --  1  --  1
0 1 0 0 0 1 1 0 1 0 0 1 1 0 0 1  --  0 1 0 1 0 0 1 1 1 0 1 1 0 0 1 1  --  4  --  1  --  0  --  1
0 0 1 0 0 1 1 0 1 0 0 1 1 0 0 1  --  0 0 1 1 0 1 0 1 1 1 0 1 0 1 0 1  --  4  --  1  --  0  --  1
1 1 1 0 0 1 1 0 1 0 0 1 1 0 0 1  --  1 0 0 1 1 1 1 1 0 1 1 1 1 1 1 1  --  4  --  1  --  0  --  1
0 1 1 1 0 1 1 0 1 0 0 1 1 0 0 1  --  0 1 1 1 0 0 0 1 1 0 0 1 0 0 0 1  --  4  --  1  --  1  --  1
0 1 1 0 1 1 1 0 1 0 0 1 1 0 0 1  --  0 1 1 0 1 1 1 1 1 0 0 0 1 1 1 1  --  4  --  1  --  0  --  1
1 0 0 1 0 0 0 1 1 0 0 1 1 0 0 1  --  1 1 1 0 1 1 1 1 0 0 0 0 1 1 1 1  --  4  --  1  --  0  --  1
1 0 0 0 1 0 0 1 1 0 0 1 1 0 0 1  --  1 1 1 1 0 0 0 1 0 0 0 1 0 0 0 1  --  4  --  1  --  1  --  1
0 0 0 1 1 0 0 1 1 0 0 1 1 0 0 1  --  0 0 0 1 1 1 1 1 1 1 1 1 1 1 1 1  --  4  --  1  --  0  --  1
1 1 0 1 1 0 0 1 1 0 0 1 1 0 0 1  --  1 0 1 1 0 1 0 1 0 1 0 1 0 1 0 1  --  4  --  1  --  0  --  1
1 0 1 1 1 0 0 1 1 0 0 1 1 0 0 1  --  1 1 0 1 0 0 1 1 0 0 1 1 0 0 1 1  --  4  --  1  --  0  --  1
1 0 0 1 1 1 0 1 1 0 0 1 1 0 0 1  --  1 1 1 0 0 1 0 1 0 0 0 0 0 1 0 1  --  4  --  1  --  1  --  1
1 0 0 1 1 0 1 1 1 0 0 1 1 0 0 1  --  1 1 1 0 0 0 1 1 0 0 0 0 0 0 1 1  --  4  --  1  --  1  --  1
0 1 1 0 0 1 1 1 1 0 0 1 1 0 0 1  --  0 1 1 0 0 0 0 1 1 0 0 0 0 0 0 1  --  4  --  1  --  0  --  1
0 1 1 0 0 1 1 0 1 1 0 1 1 0 0 1  --  0 1 1 0 0 0 0 0 1 1 0 1 0 1 0 1  --  4  --  1  --  1  --  1
1 0 0 1 1 0 0 1 1 1 0 1 1 0 0 1  --  1 1 1 0 0 0 0 0 0 1 0 1 0 1 0 1  --  4  --  1  --  1  --  1
0 1 1 0 0 1 1 0 1 0 1 1 1 0 0 1  --  0 1 1 0 0 0 0 0 1 0 1 1 0 0 1 1  --  4  --  1  --  1  --  1
1 0 0 1 1 0 0 1 1 0 1 1 1 0 0 1  --  1 1 1 0 0 0 0 0 0 0 1 1 0 0 1 1  --  4  --  1  --  1  --  1
1 0 0 1 0 1 1 0 0 1 1 1 1 0 0 1  --  1 1 1 0 1 0 0 0 1 0 0 1 0 0 0 1  --  4  --  1  --  0  --  1
0 1 1 0 1 0 0 1 0 1 1 1 1 0 0 1  --  0 1 1 0 1 0 0 0 0 0 0 1 0 0 0 1  --  4  --  1  --  0  --  1
0 1 0 1 1 0 1 0 1 0 0 0 0 1 0 1  --  0 1 0 0 1 0 0 0 1 0 1 1 0 0 1 1  --  4  --  1  --  1  --  1
1 0 1 0 0 1 0 1 1 0 0 0 0 1 0 1  --  1 1 0 0 1 0 0 0 0 0 1 1 0 0 1 1  --  4  --  1  --  1  --  1
1 0 1 0 1 0 1 0 0 1 0 0 0 1 0 1  --  1 1 0 0 0 0 0 0 1 0 0 1 0 0 0 1  --  4  --  1  --  0  --  1
0 1 0 1 0 1 0 1 0 1 0 0 0 1 0 1  --  0 1 0 0 0 0 0 0 0 0 0 1 0 0 0 1  --  4  --  1  --  0  --  1
0 1 0 1 1 0 1 0 0 0 1 0 0 1 0 1  --  0 1 0 0 1 0 0 0 0 1 1 1 1 1 1 1  --  4  --  1  --  0  --  1
1 0 1 0 0 1 0 1 0 0 1 0 0 1 0 1  --  1 1 0 0 1 0 0 0 1 1 1 1 1 1 1 1  --  4  --  1  --  0  --  1
0 1 0 1 1 0 0 0 1 0 1 0 0 1 0 1  --  0 1 0 0 1 0 1 1 1 0 0 0 0 0 1 1  --  4  --  1  --  1  --  1
1 0 1 0 0 1 0 0 1 0 1 0 0 1 0 1  --  1 1 0 0 1 0 0 1 0 0 0 0 0 0 0 1  --  4  --  1  --  0  --  1
0 1 0 1 0 0 1 0 1 0 1 0 0 1 0 1  --  0 1 0 0 0 1 1 1 1 0 0 0 1 1 1 1  --  4  --  1  --  0  --  1
0 1 0 0 1 0 1 0 1 0 1 0 0 1 0 1  --  0 1 0 1 1 0 0 1 1 0 0 1 0 0 0 1  --  4  --  1  --  1  --  1
0 0 0 1 1 0 1 0 1 0 1 0 0 1 0 1  --  0 0 0 1 1 1 0 1 1 1 0 1 0 1 0 1  --  4  --  1  --  0  --  1
1 1 0 1 1 0 1 0 1 0 1 0 0 1 0 1  --  1 0 1 1 0 1 1 1 0 1 1 1 1 1 1 1  --  4  --  1  --  0  --  1
0 1 1 1 1 0 1 0 1 0 1 0 0 1 0 1  --  0 1 1 1 1 0 1 1 1 0 1 1 0 0 1 1  --  4  --  1  --  0  --  1
0 1 0 1 1 1 1 0 1 0 1 0 0 1 0 1  --  0 1 0 0 1 1 0 1 1 0 0 0 0 1 0 1  --  4  --  1  --  1  --  1
1 0 1 0 0 0 0 1 1 0 1 0 0 1 0 1  --  1 1 0 0 1 1 0 1 0 0 0 0 0 1 0 1  --  4  --  1  --  1  --  1
1 0 0 0 0 1 0 1 1 0 1 0 0 1 0 1  --  1 1 1 1 1 0 1 1 0 0 1 1 0 0 1 1  --  4  --  1  --  0  --  1
0 0 1 0 0 1 0 1 1 0 1 0 0 1 0 1  --  0 0 1 1 0 1 1 1 1 1 1 1 1 1 1 1  --  4  --  1  --  0  --  1
1 1 1 0 0 1 0 1 1 0 1 0 0 1 0 1  --  1 0 0 1 1 1 0 1 0 1 0 1 0 1 0 1  --  4  --  1  --  0  --  1
1 0 1 1 0 1 0 1 1 0 1 0 0 1 0 1  --  1 1 0 1 1 0 0 1 0 0 0 1 0 0 0 1  --  4  --  1  --  1  --  1
1 0 1 0 1 1 0 1 1 0 1 0 0 1 0 1  --  1 1 0 0 0 1 1 1 0 0 0 0 1 1 1 1  --  4  --  1  --  0  --  1
0 1 0 1 1 0 1 1 1 0 1 0 0 1 0 1  --  0 1 0 0 1 0 0 1 1 0 0 0 0 0 0 1  --  4  --  1  --  0  --  1
1 0 1 0 0 1 1 1 1 0 1 0 0 1 0 1  --  1 1 0 0 1 0 1 1 0 0 0 0 0 0 1 1  --  4  --  1  --  1  --  1
0 1 0 1 1 0 1 0 1 1 1 0 0 1 0 1  --  0 1 0 0 1 0 0 0 1 1 0 1 0 1 0 1  --  4  --  1  --  1  --  1
1 0 1 0 0 1 0 1 1 1 1 0 0 1 0 1  --  1 1 0 0 1 0 0 0 0 1 0 1 0 1 0 1  --  4  --  1  --  1  --  1
1 0 1 0 1 0 1 0 0 0 0 1 0 1 0 1  --  1 1 0 0 0 0 0 0 1 1 0 1 0 1 0 1  --  4  --  1  --  1  --  1
0 1 0 1 0 1 0 1 0 0 0 1 0 1 0 1  --  0 1 0 0 0 0 0 0 0 1 0 1 0 1 0 1  --  4  --  1  --  0  --  1
1 0 1 0 1 0 0 0 0 1 0 1 0 1 0 1  --  1 1 0 0 0 0 1 1 1 0 0 0 0 0 1 1  --  4  --  1  --  1  --  1
0 1 0 1 0 1 0 0 0 1 0 1 0 1 0 1  --  0 1 0 0 0 0 0 1 0 0 0 0 0 0 0 1  --  4  --  1  --  0  --  1
1 0 1 0 0 0 1 0 0 1 0 1 0 1 0 1  --  1 1 0 0 1 1 1 1 1 0 0 0 1 1 1 1  --  4  --  1  --  0  --  1
1 0 0 0 1 0 1 0 0 1 0 1 0 1 0 1  --  1 1 1 1 0 0 1 1 1 0 1 1 0 0 1 1  --  4  --  1  --  0  --  1
0 0 1 0 1 0 1 0 0 1 0 1 0 1 0 1  --  0 0 1 1 1 1 1 1 0 1 1 1 1 1 1 1  --  4  --  1  --  0  --  1
1 1 1 0 1 0 1 0 0 1 0 1 0 1 0 1  --  1 0 0 1 0 1 0 1 1 1 0 1 0 1 0 1  --  4  --  1  --  0  --  1
1 0 1 1 1 0 1 0 0 1 0 1 0 1 0 1  --  1 1 0 1 0 0 0 1 1 0 0 1 0 0 0 1  --  4  --  1  --  1  --  1
1 0 1 0 1 1 1 0 0 1 0 1 0 1 0 1  --  1 1 0 0 0 1 0 1 1 0 0 0 0 1 0 1  --  4  --  1  --  1  --  1
0 1 0 1 0 0 0 1 0 1 0 1 0 1 0 1  --  0 1 0 0 0 1 0 1 0 0 0 0 0 1 0 1  --  4  --  1  --  0  --  1
0 1 0 0 0 1 0 1 0 1 0 1 0 1 0 1  --  0 1 0 1 0 0 0 1 0 0 0 1 0 0 0 1  --  4  --  1  --  0  --  1
0 0 0 1 0 1 0 1 0 1 0 1 0 1 0 1  --  0 0 0 1 0 1 0 1 0 1 0 1 0 1 0 1  --  4  --  1  --  0  --  1
1 1 0 1 0 1 0 1 0 1 0 1 0 1 0 1  --  1 0 1 1 1 1 1 1 1 1 1 1 1 1 1 1  --  4  --  1  --  0  --  1
0 1 1 1 0 1 0 1 0 1 0 1 0 1 0 1  --  0 1 1 1 0 0 1 1 0 0 1 1 0 0 1 1  --  4  --  1  --  0  --  1
0 1 0 1 1 1 0 1 0 1 0 1 0 1 0 1  --  0 1 0 0 1 1 1 1 0 0 0 0 1 1 1 1  --  4  --  1  --  0  --  1
1 0 1 0 1 0 1 1 0 1 0 1 0 1 0 1  --  1 1 0 0 0 0 0 1 1 0 0 0 0 0 0 1  --  4  --  1  --  0  --  1
0 1 0 1 0 1 1 1 0 1 0 1 0 1 0 1  --  0 1 0 0 0 0 1 1 0 0 0 0 0 0 1 1  --  4  --  1  --  0  --  1
1 0 1 0 1 0 1 0 1 1 0 1 0 1 0 1  --  1 1 0 0 0 0 0 0 0 1 1 1 1 1 1 1  --  4  --  1  --  0  --  1
0 1 0 1 0 1 0 1 1 1 0 1 0 1 0 1  --  0 1 0 0 0 0 0 0 1 1 1 1 1 1 1 1  --  4  --  1  --  0  --  1
0 1 0 1 1 0 1 0 1 0 1 1 0 1 0 1  --  0 1 0 0 1 0 0 0 1 0 0 1 0 0 0 1  --  4  --  1  --  0  --  1
1 0 1 0 0 1 0 1 1 0 1 1 0 1 0 1  --  1 1 0 0 1 0 0 0 0 0 0 1 0 0 0 1  --  4  --  1  --  0  --  1
1 0 1 0 1 0 1 0 0 1 1 1 0 1 0 1  --  1 1 0 0 0 0 0 0 1 0 1 1 0 0 1 1  --  4  --  1  --  1  --  1
0 1 0 1 0 1 0 1 0 1 1 1 0 1 0 1  --  0 1 0 0 0 0 0 0 0 0 1 1 0 0 1 1  --  4  --  1  --  0  --  1
1 1 1 1 0 0 0 0 0 0 0 0 1 1 0 1  --  1 0 0 0 1 0 0 0 1 0 0 0 0 0 1 1  --  4  --  1  --  0  --  1
0 0 0 0 1 1 1 1 0 0 0 0 1 1 0 1  --  0 0 0 0 1 0 0 0 0 0 0 0 0 0 1 1  --  4  --  1  --  0  --  1
1 1 0 0 1 1 0 0 1 1 0 0 1 1 0 1  --  1 0 1 0 0 0 0 0 0 0 0 0 0 0 0 1  --  4  --  1  --  0  --  1
0 0 1 1 0 0 1 1 1 1 0 0 1 1 0 1  --  0 0 1 0 0 0 0 0 1 0 0 0 0 0 0 1  --  4  --  1  --  0  --  1
0 1 0 1 1 0 1 0 1 0 1 0 1 1 0 1  --  0 1 0 0 1 0 0 0 1 0 0 0 1 1 1 1  --  4  --  1  --  1  --  1
1 0 1 0 0 1 0 1 1 0 1 0 1 1 0 1  --  1 1 0 0 1 0 0 0 0 0 0 0 1 1 1 1  --  4  --  1  --  1  --  1
1 0 0 1 0 1 1 0 0 1 1 0 1 1 0 1  --  1 1 1 0 1 0 0 0 1 0 0 0 0 1 0 1  --  4  --  1  --  0  --  1
0 1 1 0 1 0 0 1 0 1 1 0 1 1 0 1  --  0 1 1 0 1 0 0 0 0 0 0 0 0 1 0 1  --  4  --  1  --  0  --  1
0 1 1 0 0 1 1 0 1 0 0 1 1 1 0 1  --  0 1 1 0 0 0 0 0 1 0 0 0 0 1 0 1  --  4  --  1  --  0  --  1
1 0 0 1 1 0 0 1 1 0 0 1 1 1 0 1  --  1 1 1 0 0 0 0 0 0 0 0 0 0 1 0 1  --  4  --  1  --  0  --  1
1 0 1 0 1 0 1 0 0 1 0 1 1 1 0 1  --  1 1 0 0 0 0 0 0 1 0 0 0 1 1 1 1  --  4  --  1  --  1  --  1
0 1 0 1 0 1 0 1 0 1 0 1 1 1 0 1  --  0 1 0 0 0 0 0 0 0 0 0 0 1 1 1 1  --  4  --  1  --  0  --  1
0 0 1 1 1 1 0 0 0 0 1 1 1 1 0 1  --  0 0 1 0 1 0 0 0 0 0 0 0 0 0 0 1  --  4  --  1  --  0  --  1
1 1 0 0 0 0 1 1 0 0 1 1 1 1 0 1  --  1 0 1 0 1 0 0 0 1 0 0 0 0 0 0 1  --  4  --  1  --  0  --  1
0 0 0 0 0 0 0 0 1 1 1 1 1 1 0 1  --  0 0 0 0 0 0 0 0 1 0 0 0 0 0 1 1  --  4  --  1  --  0  --  1
1 1 1 1 1 1 1 1 1 1 1 1 1 1 0 1  --  1 0 0 0 0 0 0 0 0 0 0 0 0 0 1 1  --  4  --  1  --  0  --  1
0 0 1 1 1 1 0 0 1 0 0 0 0 0 1 1  --  0 0 1 0 1 0 0 0 1 1 0 1 0 1 0 1  --  4  --  1  --  1  --  1
1 1 0 0 0 0 1 1 1 0 0 0 0 0 1 1  --  1 0 1 0 1 0 0 0 0 1 0 1 0 1 0 1  --  4  --  1  --  1  --  1
0 0 1 1 1 1 0 0 0 1 0 0 0 0 1 1  --  0 0 1 0 1 0 0 0 0 1 1 1 1 1 1 1  --  4  --  1  --  0  --  1
1 1 0 0 0 0 1 1 0 1 0 0 0 0 1 1  --  1 0 1 0 1 0 0 0 1 1 1 1 1 1 1 1  --  4  --  1  --  0  --  1
0 0 1 1 1 0 0 0 1 1 0 0 0 0 1 1  --  0 0 1 0 1 1 0 1 1 0 0 0 0 1 0 1  --  4  --  1  --  1  --  1
0 0 1 1 0 1 0 0 1 1 0 0 0 0 1 1  --  0 0 1 0 0 1 1 1 1 0 0 0 1 1 1 1  --  4  --  1  --  0  --  1
0 0 1 0 1 1 0 0 1 1 0 0 0 0 1 1  --  0 0 1 1 1 0 0 1 1 0 0 1 0 0 0 1  --  4  --  1  --  1  --  1
0 0 0 1 1 1 0 0 1 1 0 0 0 0 1 1  --  0 0 0 1 1 0 1 1 1 0 1 1 0 0 1 1  --  4  --  1  --  0  --  1
1 0 1 1 1 1 0 0 1 1 0 0 0 0 1 1  --  1 1 0 1 0 1 1 1 0 1 1 1 1 1 1 1  --  4  --  1  --  0  --  1
0 1 1 1 1 1 0 0 1 1 0 0 0 0 1 1  --  0 1 1 1 1 1 0 1 1 1 0 1 0 1 0 1  --  4  --  1  --  0  --  1
1 1 0 0 0 0 1 0 1 1 0 0 0 0 1 1  --  1 0 1 0 1 0 0 1 0 0 0 0 0 0 0 1  --  4  --  1  --  0  --  1
0 0 1 1 1 1 1 0 1 1 0 0 0 0 1 1  --  0 0 1 0 1 0 1 1 1 0 0 0 0 0 1 1  --  4  --  1  --  1  --  1
1 1 0 0 0 0 0 1 1 1 0 0 0 0 1 1  --  1 0 1 0 1 0 1 1 0 0 0 0 0 0 1 1  --  4  --  1  --  1  --  1
0 0 1 1 1 1 0 1 1 1 0 0 0 0 1 1  --  0 0 1 0 1 0 0 1 1 0 0 0 0 0 0 1  --  4  --  1  --  0  --  1
1 0 0 0 0 0 1 1 1 1 0 0 0 0 1 1  --  1 1 1 1 1 1 0 1 0 1 0 1 0 1 0 1  --  4  --  1  --  0  --  1
0 1 0 0 0 0 1 1 1 1 0 0 0 0 1 1  --  0 1 0 1 0 1 1 1 1 1 1 1 1 1 1 1  --  4  --  1  --  0  --  1
1 1 1 0 0 0 1 1 1 1 0 0 0 0 1 1  --  1 0 0 1 1 0 1 1 0 0 1 1 0 0 1 1  --  4  --  1  --  0  --  1
1 1 0 1 0 0 1 1 1 1 0 0 0 0 1 1  --  1 0 1 1 1 0 0 1 0 0 0 1 0 0 0 1  --  4  --  1  --  1  --  1
1 1 0 0 1 0 1 1 1 1 0 0 0 0 1 1  --  1 0 1 0 0 1 1 1 0 0 0 0 1 1 1 1  --  4  --  1  --  0  --  1
1 1 0 0 0 1 1 1 1 1 0 0 0 0 1 1  --  1 0 1 0 1 1 0 1 0 0 0 0 0 1 0 1  --  4  --  1  --  1  --  1
1 1 0 0 1 1 0 0 0 0 1 0 0 0 1 1  --  1 0 1 0 0 0 0 0 1 0 0 1 0 0 0 1  --  4  --  1  --  0  --  1
0 0 1 1 0 0 1 1 0 0 1 0 0 0 1 1  --  0 0 1 0 0 0 0 0 0 0 0 1 0 0 0 1  --  4  --  1  --  0  --  1
0 0 1 1 1 1 0 0 1 1 1 0 0 0 1 1  --  0 0 1 0 1 0 0 0 1 0 1 1 0 0 1 1  --  4  --  1  --  1  --  1
1 1 0 0 0 0 1 1 1 1 1 0 0 0 1 1  --  1 0 1 0 1 0 0 0 0 0 1 1 0 0 1 1  --  4  --  1  --  1  --  1
1 1 0 0 1 1 0 0 0 0 0 1 0 0 1 1  --  1 0 1 0 0 0 0 0 1 0 1 1 0 0 1 1  --  4  --  1  --  1  --  1
0 0 1 1 0 0 1 1 0 0 0 1 0 0 1 1  --  0 0 1 0 0 0 0 0 0 0 1 1 0 0 1 1  --  4  --  1  --  0  --  1
0 0 1 1 1 1 0 0 1 1 0 1 0 0 1 1  --  0 0 1 0 1 0 0 0 1 0 0 1 0 0 0 1  --  4  --  1  --  0  --  1
1 1 0 0 0 0 1 1 1 1 0 1 0 0 1 1  --  1 0 1 0 1 0 0 0 0 0 0 1 0 0 0 1  --  4  --  1  --  0  --  1
1 1 0 0 1 0 0 0 0 0 1 1 0 0 1 1  --  1 0 1 0 0 1 0 1 1 0 0 0 0 1 0 1  --  4  --  1  --  1  --  1
1 1 0 0 0 1 0 0 0 0 1 1 0 0 1 1  --  1 0 1 0 1 1 1 1 1 0 0 0 1 1 1 1  --  4  --  1  --  0  --  1
1 0 0 0 1 1 0 0 0 0 1 1 0 0 1 1  --  1 1 1 1 0 1 0 1 1 1 0 1 0 1 0 1  --  4  --  1  --  0  --  1
0 1 0 0 1 1 0 0 0 0 1 1 0 0 1 1  --  0 1 0 1 1 1 1 1 0 1 1 1 1 1 1 1  --  4  --  1  --  0  --  1
1 1 1 0 1 1 0 0 0 0 1 1 0 0 1 1  --  1 0 0 1 0 0 1 1 1 0 1 1 0 0 1 1  --  4  --  1  --  0  --  1
1 1 0 1 1 1 0 0 0 0 1 1 0 0 1 1  --  1 0 1 1 0 0 0 1 1 0 0 1 0 0 0 1  --  4  --  1  --  1  --  1
0 0 1 1 0 0 1 0 0 0 1 1 0 0 1 1  --  0 0 1 0 0 0 0 1 0 0 0 0 0 0 0 1  --  4  --  1  --  0  --  1
1 1 0 0 1 1 1 0 0 0 1 1 0 0 1 1  --  1 0 1 0 0 0 1 1 1 0 0 0 0 0 1 1  --  4  --  1  --  1  --  1
0 0 1 1 0 0 0 1 0 0 1 1 0 0 1 1  --  0 0 1 0 0 0 1 1 0 0 0 0 0 0 1 1  --  4  --  1  --  0  --  1
1 1 0 0 1 1 0 1 0 0 1 1 0 0 1 1  --  1 0 1 0 0 0 0 1 1 0 0 0 0 0 0 1  --  4  --  1  --  0  --  1
0 0 1 0 0 0 1 1 0 0 1 1 0 0 1 1  --  0 0 1 1 0 0 0 1 0 0 0 1 0 0 0 1  --  4  --  1  --  0  --  1
0 0 0 1 0 0 1 1 0 0 1 1 0 0 1 1  --  0 0 0 1 0 0 1 1 0 0 1 1 0 0 1 1  --  4  --  1  --  0  --  1
1 0 1 1 0 0 1 1 0 0 1 1 0 0 1 1  --  1 1 0 1 1 1 1 1 1 1 1 1 1 1 1 1  --  4  --  1  --  0  --  1
0 1 1 1 0 0 1 1 0 0 1 1 0 0 1 1  --  0 1 1 1 0 1 0 1 0 1 0 1 0 1 0 1  --  4  --  1  --  0  --  1
0 0 1 1 1 0 1 1 0 0 1 1 0 0 1 1  --  0 0 1 0 1 1 1 1 0 0 0 0 1 1 1 1  --  4  --  1  --  0  --  1
0 0 1 1 0 1 1 1 0 0 1 1 0 0 1 1  --  0 0 1 0 0 1 0 1 0 0 0 0 0 1 0 1  --  4  --  1  --  0  --  1
1 1 0 0 1 1 0 0 1 0 1 1 0 0 1 1  --  1 0 1 0 0 0 0 0 0 1 1 1 1 1 1 1  --  4  --  1  --  0  --  1
0 0 1 1 0 0 1 1 1 0 1 1 0 0 1 1  --  0 0 1 0 0 0 0 0 1 1 1 1 1 1 1 1  --  4  --  1  --  0  --  1
1 1 0 0 1 1 0 0 0 1 1 1 0 0 1 1  --  1 0 1 0 0 0 0 0 1 1 0 1 0 1 0 1  --  4  --  1  --  1  --  1
0 0 1 1 0 0 1 1 0 1 1 1 0 0 1 1  --  0 0 1 0 0 0 0 0 0 1 0 1 0 1 0 1  --  4  --  1  --  0  --  1
1 1 1 1 0 0 0 0 0 0 0 0 1 0 1 1  --  1 0 0 0 1 0 0 0 1 0 0 0 0 1 0 1  --  4  --  1  --  0  --  1
0 0 0 0 1 1 1 1 0 0 0 0 1 0 1 1  --  0 0 0 0 1 0 0 0 0 0 0 0 0 1 0 1  --  4  --  1  --  0  --  1
0 0 1 1 1 1 0 0 1 1 0 0 1 0 1 1  --  0 0 1 0 1 0 0 0 1 0 0 0 1 1 1 1  --  4  --  1  --  1  --  1
1 1 0 0 0 0 1 1 1 1 0 0 1 0 1 1  --  1 0 1 0 1 0 0 0 0 0 0 0 1 1 1 1  --  4  --  1  --  1  --  1
1 0 1 0 1 0 1 0 1 0 1 0 1 0 1 1  --  1 1 0 0 0 0 0 0 0 0 0 0 0 0 0 1  --  4  --  1  --  0  --  1
0 1 0 1 0 1 0 1 1 0 1 0 1 0 1 1  --  0 1 0 0 0 0 0 0 1 0 0 0 0 0 0 1  --  4  --  1  --  0  --  1
1 0 0 1 0 1 1 0 0 1 1 0 1 0 1 1  --  1 1 1 0 1 0 0 0 1 0 0 0 0 0 1 1  --  4  --  1  --  0  --  1
0 1 1 0 1 0 0 1 0 1 1 0 1 0 1 1  --  0 1 1 0 1 0 0 0 0 0 0 0 0 0 1 1  --  4  --  1  --  0  --  1
0 1 1 0 0 1 1 0 1 0 0 1 1 0 1 1  --  0 1 1 0 0 0 0 0 1 0 0 0 0 0 1 1  --  4  --  1  --  0  --  1
1 0 0 1 1 0 0 1 1 0 0 1 1 0 1 1  --  1 1 1 0 0 0 0 0 0 0 0 0 0 0 1 1  --  4  --  1  --  0  --  1
0 1 0 1 1 0 1 0 0 1 0 1 1 0 1 1  --  0 1 0 0 1 0 0 0 0 0 0 0 0 0 0 1  --  4  --  1  --  0  --  1
1 0 1 0 0 1 0 1 0 1 0 1 1 0 1 1  --  1 1 0 0 1 0 0 0 1 0 0 0 0 0 0 1  --  4  --  1  --  0  --  1
1 1 0 0 1 1 0 0 0 0 1 1 1 0 1 1  --  1 0 1 0 0 0 0 0 1 0 0 0 1 1 1 1  --  4  --  1  --  1  --  1
0 0 1 1 0 0 1 1 0 0 1 1 1 0 1 1  --  0 0 1 0 0 0 0 0 0 0 0 0 1 1 1 1  --  4  --  1  --  0  --  1
0 0 0 0 0 0 0 0 1 1 1 1 1 0 1 1  --  0 0 0 0 0 0 0 0 1 0 0 0 0 1 0 1  --  4  --  1  --  0  --  1
1 1 1 1 1 1 1 1 1 1 1 1 1 0 1 1  --  1 0 0 0 0 0 0 0 0 0 0 0 0 1 0 1  --  4  --  1  --  0  --  1
1 1 1 1 0 0 0 0 0 0 0 0 0 1 1 1  --  1 0 0 0 1 0 0 0 1 0 0 0 1 1 1 1  --  4  --  1  --  1  --  1
0 0 0 0 1 1 1 1 0 0 0 0 0 1 1 1  --  0 0 0 0 1 0 0 0 0 0 0 0 1 1 1 1  --  4  --  1  --  0  --  1
0 0 1 1 1 1 0 0 1 1 0 0 0 1 1 1  --  0 0 1 0 1 0 0 0 1 0 0 0 0 1 0 1  --  4  --  1  --  0  --  1
1 1 0 0 0 0 1 1 1 1 0 0 0 1 1 1  --  1 0 1 0 1 0 0 0 0 0 0 0 0 1 0 1  --  4  --  1  --  0  --  1
0 1 0 1 1 0 1 0 1 0 1 0 0 1 1 1  --  0 1 0 0 1 0 0 0 1 0 0 0 0 0 1 1  --  4  --  1  --  0  --  1
1 0 1 0 0 1 0 1 1 0 1 0 0 1 1 1  --  1 1 0 0 1 0 0 0 0 0 0 0 0 0 1 1  --  4  --  1  --  0  --  1
0 1 1 0 0 1 1 0 0 1 1 0 0 1 1 1  --  0 1 1 0 0 0 0 0 0 0 0 0 0 0 0 1  --  4  --  1  --  0  --  1
1 0 0 1 1 0 0 1 0 1 1 0 0 1 1 1  --  1 1 1 0 0 0 0 0 1 0 0 0 0 0 0 1  --  4  --  1  --  0  --  1
1 0 0 1 0 1 1 0 1 0 0 1 0 1 1 1  --  1 1 1 0 1 0 0 0 0 0 0 0 0 0 0 1  --  4  --  1  --  0  --  1
0 1 1 0 1 0 0 1 1 0 0 1 0 1 1 1  --  0 1 1 0 1 0 0 0 1 0 0 0 0 0 0 1  --  4  --  1  --  0  --  1
1 0 1 0 1 0 1 0 0 1 0 1 0 1 1 1  --  1 1 0 0 0 0 0 0 1 0 0 0 0 0 1 1  --  4  --  1  --  0  --  1
0 1 0 1 0 1 0 1 0 1 0 1 0 1 1 1  --  0 1 0 0 0 0 0 0 0 0 0 0 0 0 1 1  --  4  --  1  --  0  --  1
1 1 0 0 1 1 0 0 0 0 1 1 0 1 1 1  --  1 0 1 0 0 0 0 0 1 0 0 0 0 1 0 1  --  4  --  1  --  0  --  1
0 0 1 1 0 0 1 1 0 0 1 1 0 1 1 1  --  0 0 1 0 0 0 0 0 0 0 0 0 0 1 0 1  --  4  --  1  --  0  --  1
0 0 0 0 0 0 0 0 1 1 1 1 0 1 1 1  --  0 0 0 0 0 0 0 0 1 0 0 0 1 1 1 1  --  4  --  1  --  0  --  1
1 1 1 1 1 1 1 1 1 1 1 1 0 1 1 1  --  1 0 0 0 0 0 0 0 0 0 0 0 1 1 1 1  --  4  --  1  --  1  --  1
1 1 1 0 0 0 0 0 0 0 0 0 1 1 1 1  --  1 0 0 1 1 0 0 1 1 0 0 1 0 0 0 1  --  4  --  1  --  1  --  1
1 1 0 1 0 0 0 0 0 0 0 0 1 1 1 1  --  1 0 1 1 1 0 1 1 1 0 1 1 0 0 1 1  --  4  --  1  --  0  --  1
1 0 1 1 0 0 0 0 0 0 0 0 1 1 1 1  --  1 1 0 1 1 1 0 1 1 1 0 1 0 1 0 1  --  4  --  1  --  0  --  1
0 1 1 1 0 0 0 0 0 0 0 0 1 1 1 1  --  0 1 1 1 0 1 1 1 0 1 1 1 1 1 1 1  --  4  --  1  --  0  --  1
1 1 1 1 1 0 0 0 0 0 0 0 1 1 1 1  --  1 0 0 0 0 1 1 1 1 0 0 0 1 1 1 1  --  4  --  1  --  0  --  1
1 1 1 1 0 1 0 0 0 0 0 0 1 1 1 1  --  1 0 0 0 1 1 0 1 1 0 0 0 0 1 0 1  --  4  --  1  --  1  --  1
1 1 1 1 0 0 1 0 0 0 0 0 1 1 1 1  --  1 0 0 0 1 0 1 1 1 0 0 0 0 0 1 1  --  4  --  1  --  1  --  1
0 0 0 0 1 1 1 0 0 0 0 0 1 1 1 1  --  0 0 0 0 1 0 0 1 0 0 0 0 0 0 0 1  --  4  --  1  --  0  --  1
1 1 1 1 0 0 0 1 0 0 0 0 1 1 1 1  --  1 0 0 0 1 0 0 1 1 0 0 0 0 0 0 1  --  4  --  1  --  0  --  1
0 0 0 0 1 1 0 1 0 0 0 0 1 1 1 1  --  0 0 0 0 1 0 1 1 0 0 0 0 0 0 1 1  --  4  --  1  --  0  --  1
0 0 0 0 1 0 1 1 0 0 0 0 1 1 1 1  --  0 0 0 0 1 1 0 1 0 0 0 0 0 1 0 1  --  4  --  1  --  0  --  1
0 0 0 0 0 1 1 1 0 0 0 0 1 1 1 1  --  0 0 0 0 0 1 1 1 0 0 0 0 1 1 1 1  --  4  --  1  --  0  --  1
1 0 0 0 1 1 1 1 0 0 0 0 1 1 1 1  --  1 1 1 1 0 1 1 1 1 1 1 1 1 1 1 1  --  4  --  1  --  0  --  1
0 1 0 0 1 1 1 1 0 0 0 0 1 1 1 1  --  0 1 0 1 1 1 0 1 0 1 0 1 0 1 0 1  --  4  --  1  --  0  --  1
0 0 1 0 1 1 1 1 0 0 0 0 1 1 1 1  --  0 0 1 1 1 0 1 1 0 0 1 1 0 0 1 1  --  4  --  1  --  0  --  1
0 0 0 1 1 1 1 1 0 0 0 0 1 1 1 1  --  0 0 0 1 1 0 0 1 0 0 0 1 0 0 0 1  --  4  --  1  --  0  --  1
1 1 1 1 0 0 0 0 1 0 0 0 1 1 1 1  --  1 0 0 0 1 0 0 0 0 1 1 1 1 1 1 1  --  4  --  1  --  0  --  1
0 0 0 0 1 1 1 1 1 0 0 0 1 1 1 1  --  0 0 0 0 1 0 0 0 1 1 1 1 1 1 1 1  --  4  --  1  --  0  --  1
1 1 1 1 0 0 0 0 0 1 0 0 1 1 1 1  --  1 0 0 0 1 0 0 0 1 1 0 1 0 1 0 1  --  4  --  1  --  1  --  1
0 0 0 0 1 1 1 1 0 1 0 0 1 1 1 1  --  0 0 0 0 1 0 0 0 0 1 0 1 0 1 0 1  --  4  --  1  --  0  --  1
1 1 1 1 0 0 0 0 0 0 1 0 1 1 1 1  --  1 0 0 0 1 0 0 0 1 0 1 1 0 0 1 1  --  4  --  1  --  1  --  1
0 0 0 0 1 1 1 1 0 0 1 0 1 1 1 1  --  0 0 0 0 1 0 0 0 0 0 1 1 0 0 1 1  --  4  --  1  --  0  --  1
0 0 0 0 0 0 0 0 1 1 1 0 1 1 1 1  --  0 0 0 0 0 0 0 0 1 0 0 1 0 0 0 1  --  4  --  1  --  0  --  1
1 1 1 1 1 1 1 1 1 1 1 0 1 1 1 1  --  1 0 0 0 0 0 0 0 0 0 0 1 0 0 0 1  --  4  --  1  --  0  --  1
1 1 1 1 0 0 0 0 0 0 0 1 1 1 1 1  --  1 0 0 0 1 0 0 0 1 0 0 1 0 0 0 1  --  4  --  1  --  0  --  1
0 0 0 0 1 1 1 1 0 0 0 1 1 1 1 1  --  0 0 0 0 1 0 0 0 0 0 0 1 0 0 0 1  --  4  --  1  --  0  --  1
0 0 0 0 0 0 0 0 1 1 0 1 1 1 1 1  --  0 0 0 0 0 0 0 0 1 0 1 1 0 0 1 1  --  4  --  1  --  0  --  1
1 1 1 1 1 1 1 1 1 1 0 1 1 1 1 1  --  1 0 0 0 0 0 0 0 0 0 1 1 0 0 1 1  --  4  --  1  --  1  --  1
0 0 0 0 0 0 0 0 1 0 1 1 1 1 1 1  --  0 0 0 0 0 0 0 0 1 1 0 1 0 1 0 1  --  4  --  1  --  0  --  1
1 1 1 1 1 1 1 1 1 0 1 1 1 1 1 1  --  1 0 0 0 0 0 0 0 0 1 0 1 0 1 0 1  --  4  --  1  --  1  --  1
0 0 0 0 0 0 0 0 0 1 1 1 1 1 1 1  --  0 0 0 0 0 0 0 0 0 1 1 1 1 1 1 1  --  4  --  1  --  0  --  1
1 1 1 1 1 1 1 1 0 1 1 1 1 1 1 1  --  1 0 0 0 0 0 0 0 1 1 1 1 1 1 1 1  --  4  --  1  --  0  --  1
1 0 0 0 0 0 0 0 1 1 1 1 1 1 1 1  --  1 1 1 1 1 1 1 1 0 1 1 1 1 1 1 1  --  4  --  1  --  0  --  1
0 1 0 0 0 0 0 0 1 1 1 1 1 1 1 1  --  0 1 0 1 0 1 0 1 1 1 0 1 0 1 0 1  --  4  --  1  --  0  --  1
0 0 1 0 0 0 0 0 1 1 1 1 1 1 1 1  --  0 0 1 1 0 0 1 1 1 0 1 1 0 0 1 1  --  4  --  1  --  0  --  1
0 0 0 1 0 0 0 0 1 1 1 1 1 1 1 1  --  0 0 0 1 0 0 0 1 1 0 0 1 0 0 0 1  --  4  --  1  --  0  --  1
0 0 0 0 1 0 0 0 1 1 1 1 1 1 1 1  --  0 0 0 0 1 1 1 1 1 0 0 0 1 1 1 1  --  4  --  1  --  0  --  1
0 0 0 0 0 1 0 0 1 1 1 1 1 1 1 1  --  0 0 0 0 0 1 0 1 1 0 0 0 0 1 0 1  --  4  --  1  --  0  --  1
0 0 0 0 0 0 1 0 1 1 1 1 1 1 1 1  --  0 0 0 0 0 0 1 1 1 0 0 0 0 0 1 1  --  4  --  1  --  0  --  1
1 1 1 1 1 1 1 0 1 1 1 1 1 1 1 1  --  1 0 0 0 0 0 0 1 0 0 0 0 0 0 0 1  --  4  --  1  --  0  --  1
0 0 0 0 0 0 0 1 1 1 1 1 1 1 1 1  --  0 0 0 0 0 0 0 1 1 0 0 0 0 0 0 1  --  4  --  1  --  0  --  1
1 1 1 1 1 1 0 1 1 1 1 1 1 1 1 1  --  1 0 0 0 0 0 1 1 0 0 0 0 0 0 1 1  --  4  --  1  --  1  --  1
1 1 1 1 1 0 1 1 1 1 1 1 1 1 1 1  --  1 0 0 0 0 1 0 1 0 0 0 0 0 1 0 1  --  4  --  1  --  1  --  1
1 1 1 1 0 1 1 1 1 1 1 1 1 1 1 1  --  1 0 0 0 1 1 1 1 0 0 0 0 1 1 1 1  --  4  --  1  --  0  --  1
1 1 1 0 1 1 1 1 1 1 1 1 1 1 1 1  --  1 0 0 1 0 0 0 1 0 0 0 1 0 0 0 1  --  4  --  1  --  1  --  1
1 1 0 1 1 1 1 1 1 1 1 1 1 1 1 1  --  1 0 1 1 0 0 1 1 0 0 1 1 0 0 1 1  --  4  --  1  --  0  --  1
1 0 1 1 1 1 1 1 1 1 1 1 1 1 1 1  --  1 1 0 1 0 1 0 1 0 1 0 1 0 1 0 1  --  4  --  1  --  0  --  1
0 1 1 1 1 1 1 1 1 1 1 1 1 1 1 1  --  0 1 1 1 1 1 1 1 1 1 1 1 1 1 1 1  --  4  --  1  --  0  --  1
"""
print(data)