#!/usr/bin/env python3  #Github languages algorithm 🤦
data="""
         Truth Table                               ANF                   DEG     NL    CI     AI
-------------------------------      -------------------------------     ---    ---    ---    ---
0 1 1 0 1 0 1 0 1 1 0 0 0 0 0 0  --  0 1 1 0 1 0 1 0 1 1 0 0 0 0 0 0  --  2  --  6  --  0  --  2
1 0 0 1 1 0 1 0 1 1 0 0 0 0 0 0  --  1 1 1 0 0 0 1 0 0 1 0 0 1 0 0 0  --  2  --  6  --  0  --  2
1 0 1 0 0 1 1 0 1 1 0 0 0 0 0 0  --  1 1 0 0 1 0 1 0 0 1 1 0 0 0 0 0  --  2  --  6  --  0  --  2
0 1 0 1 0 1 1 0 1 1 0 0 0 0 0 0  --  0 1 0 0 0 0 1 0 1 1 1 0 1 0 0 0  --  2  --  6  --  0  --  2
1 0 1 0 1 0 0 1 1 1 0 0 0 0 0 0  --  1 1 0 0 0 0 1 0 0 1 1 0 1 0 0 0  --  2  --  6  --  0  --  2
0 1 0 1 1 0 0 1 1 1 0 0 0 0 0 0  --  0 1 0 0 1 0 1 0 1 1 1 0 0 0 0 0  --  2  --  6  --  0  --  2
0 1 1 0 0 1 0 1 1 1 0 0 0 0 0 0  --  0 1 1 0 0 0 1 0 1 1 0 0 1 0 0 0  --  2  --  6  --  0  --  2
1 0 0 1 0 1 0 1 1 1 0 0 0 0 0 0  --  1 1 1 0 1 0 1 0 0 1 0 0 0 0 0 0  --  2  --  6  --  0  --  2
0 1 1 0 1 1 0 0 1 0 1 0 0 0 0 0  --  0 1 1 0 1 1 0 0 1 0 1 0 0 0 0 0  --  2  --  6  --  0  --  2
1 0 0 1 1 1 0 0 1 0 1 0 0 0 0 0  --  1 1 1 0 0 1 0 0 0 0 1 0 1 0 0 0  --  2  --  6  --  0  --  2
1 1 0 0 0 1 1 0 1 0 1 0 0 0 0 0  --  1 0 1 0 1 1 0 0 0 1 1 0 0 0 0 0  --  2  --  6  --  0  --  2
0 0 1 1 0 1 1 0 1 0 1 0 0 0 0 0  --  0 0 1 0 0 1 0 0 1 1 1 0 1 0 0 0  --  2  --  6  --  0  --  2
1 1 0 0 1 0 0 1 1 0 1 0 0 0 0 0  --  1 0 1 0 0 1 0 0 0 1 1 0 1 0 0 0  --  2  --  6  --  0  --  2
0 0 1 1 1 0 0 1 1 0 1 0 0 0 0 0  --  0 0 1 0 1 1 0 0 1 1 1 0 0 0 0 0  --  2  --  6  --  0  --  2
0 1 1 0 0 0 1 1 1 0 1 0 0 0 0 0  --  0 1 1 0 0 1 0 0 1 0 1 0 1 0 0 0  --  2  --  6  --  0  --  2
1 0 0 1 0 0 1 1 1 0 1 0 0 0 0 0  --  1 1 1 0 1 1 0 0 0 0 1 0 0 0 0 0  --  2  --  6  --  0  --  2
1 0 1 0 1 1 0 0 0 1 1 0 0 0 0 0  --  1 1 0 0 0 1 1 0 1 0 1 0 0 0 0 0  --  2  --  6  --  0  --  2
0 1 0 1 1 1 0 0 0 1 1 0 0 0 0 0  --  0 1 0 0 1 1 1 0 0 0 1 0 1 0 0 0  --  2  --  6  --  0  --  2
1 1 0 0 1 0 1 0 0 1 1 0 0 0 0 0  --  1 0 1 0 0 1 1 0 1 1 0 0 0 0 0 0  --  2  --  6  --  0  --  2
0 0 1 1 1 0 1 0 0 1 1 0 0 0 0 0  --  0 0 1 0 1 1 1 0 0 1 0 0 1 0 0 0  --  2  --  6  --  0  --  2
1 1 0 0 0 1 0 1 0 1 1 0 0 0 0 0  --  1 0 1 0 1 1 1 0 1 1 0 0 1 0 0 0  --  2  --  6  --  0  --  2
0 0 1 1 0 1 0 1 0 1 1 0 0 0 0 0  --  0 0 1 0 0 1 1 0 0 1 0 0 0 0 0 0  --  2  --  6  --  1  --  2
1 0 1 0 0 0 1 1 0 1 1 0 0 0 0 0  --  1 1 0 0 1 1 1 0 1 0 1 0 1 0 0 0  --  2  --  6  --  0  --  2
0 1 0 1 0 0 1 1 0 1 1 0 0 0 0 0  --  0 1 0 0 0 1 1 0 0 0 1 0 0 0 0 0  --  2  --  6  --  1  --  2
1 0 1 0 1 1 0 0 1 0 0 1 0 0 0 0  --  1 1 0 0 0 1 1 0 0 0 1 0 1 0 0 0  --  2  --  6  --  0  --  2
0 1 0 1 1 1 0 0 1 0 0 1 0 0 0 0  --  0 1 0 0 1 1 1 0 1 0 1 0 0 0 0 0  --  2  --  6  --  0  --  2
1 1 0 0 1 0 1 0 1 0 0 1 0 0 0 0  --  1 0 1 0 0 1 1 0 0 1 0 0 1 0 0 0  --  2  --  6  --  0  --  2
0 0 1 1 1 0 1 0 1 0 0 1 0 0 0 0  --  0 0 1 0 1 1 1 0 1 1 0 0 0 0 0 0  --  2  --  6  --  0  --  2
1 1 0 0 0 1 0 1 1 0 0 1 0 0 0 0  --  1 0 1 0 1 1 1 0 0 1 0 0 0 0 0 0  --  2  --  6  --  0  --  2
0 0 1 1 0 1 0 1 1 0 0 1 0 0 0 0  --  0 0 1 0 0 1 1 0 1 1 0 0 1 0 0 0  --  2  --  6  --  1  --  2
1 0 1 0 0 0 1 1 1 0 0 1 0 0 0 0  --  1 1 0 0 1 1 1 0 0 0 1 0 0 0 0 0  --  2  --  6  --  0  --  2
0 1 0 1 0 0 1 1 1 0 0 1 0 0 0 0  --  0 1 0 0 0 1 1 0 1 0 1 0 1 0 0 0  --  2  --  6  --  1  --  2
0 1 1 0 1 1 0 0 0 1 0 1 0 0 0 0  --  0 1 1 0 1 1 0 0 0 0 1 0 1 0 0 0  --  2  --  6  --  0  --  2
1 0 0 1 1 1 0 0 0 1 0 1 0 0 0 0  --  1 1 1 0 0 1 0 0 1 0 1 0 0 0 0 0  --  2  --  6  --  0  --  2
1 1 0 0 0 1 1 0 0 1 0 1 0 0 0 0  --  1 0 1 0 1 1 0 0 1 1 1 0 1 0 0 0  --  2  --  6  --  0  --  2
0 0 1 1 0 1 1 0 0 1 0 1 0 0 0 0  --  0 0 1 0 0 1 0 0 0 1 1 0 0 0 0 0  --  2  --  6  --  1  --  2
1 1 0 0 1 0 0 1 0 1 0 1 0 0 0 0  --  1 0 1 0 0 1 0 0 1 1 1 0 0 0 0 0  --  2  --  6  --  0  --  2
0 0 1 1 1 0 0 1 0 1 0 1 0 0 0 0  --  0 0 1 0 1 1 0 0 0 1 1 0 1 0 0 0  --  2  --  6  --  1  --  2
0 1 1 0 0 0 1 1 0 1 0 1 0 0 0 0  --  0 1 1 0 0 1 0 0 0 0 1 0 0 0 0 0  --  2  --  6  --  1  --  2
1 0 0 1 0 0 1 1 0 1 0 1 0 0 0 0  --  1 1 1 0 1 1 0 0 1 0 1 0 1 0 0 0  --  2  --  6  --  2  --  2
0 1 1 0 1 0 1 0 0 0 1 1 0 0 0 0  --  0 1 1 0 1 0 1 0 0 1 0 0 1 0 0 0  --  2  --  6  --  0  --  2
1 0 0 1 1 0 1 0 0 0 1 1 0 0 0 0  --  1 1 1 0 0 0 1 0 1 1 0 0 0 0 0 0  --  2  --  6  --  0  --  2
1 0 1 0 0 1 1 0 0 0 1 1 0 0 0 0  --  1 1 0 0 1 0 1 0 1 1 1 0 1 0 0 0  --  2  --  6  --  0  --  2
0 1 0 1 0 1 1 0 0 0 1 1 0 0 0 0  --  0 1 0 0 0 0 1 0 0 1 1 0 0 0 0 0  --  2  --  6  --  1  --  2
1 0 1 0 1 0 0 1 0 0 1 1 0 0 0 0  --  1 1 0 0 0 0 1 0 1 1 1 0 0 0 0 0  --  2  --  6  --  0  --  2
0 1 0 1 1 0 0 1 0 0 1 1 0 0 0 0  --  0 1 0 0 1 0 1 0 0 1 1 0 1 0 0 0  --  2  --  6  --  1  --  2
0 1 1 0 0 1 0 1 0 0 1 1 0 0 0 0  --  0 1 1 0 0 0 1 0 0 1 0 0 0 0 0 0  --  2  --  6  --  1  --  2
1 0 0 1 0 1 0 1 0 0 1 1 0 0 0 0  --  1 1 1 0 1 0 1 0 1 1 0 0 1 0 0 0  --  2  --  6  --  2  --  2
0 1 1 1 1 0 0 0 1 0 0 0 1 0 0 0  --  0 1 1 1 1 0 0 0 1 0 0 0 1 0 0 0  --  2  --  6  --  0  --  2
1 0 1 1 0 1 0 0 1 0 0 0 1 0 0 0  --  1 1 0 1 1 0 0 0 0 0 1 0 1 0 0 0  --  2  --  6  --  0  --  2
1 1 0 1 0 0 1 0 1 0 0 0 1 0 0 0  --  1 0 1 1 1 0 0 0 0 1 0 0 1 0 0 0  --  2  --  6  --  0  --  2
0 0 0 1 1 1 1 0 1 0 0 0 1 0 0 0  --  0 0 0 1 1 0 0 0 1 1 1 0 1 0 0 0  --  2  --  6  --  0  --  2
1 1 1 0 0 0 0 1 1 0 0 0 1 0 0 0  --  1 0 0 1 1 0 0 0 0 1 1 0 1 0 0 0  --  2  --  6  --  0  --  2
0 0 1 0 1 1 0 1 1 0 0 0 1 0 0 0  --  0 0 1 1 1 0 0 0 1 1 0 0 1 0 0 0  --  2  --  6  --  0  --  2
0 1 0 0 1 0 1 1 1 0 0 0 1 0 0 0  --  0 1 0 1 1 0 0 0 1 0 1 0 1 0 0 0  --  2  --  6  --  0  --  2
1 0 0 0 0 1 1 1 1 0 0 0 1 0 0 0  --  1 1 1 1 1 0 0 0 0 0 0 0 1 0 0 0  --  2  --  6  --  0  --  2
1 0 1 1 1 0 0 0 0 1 0 0 1 0 0 0  --  1 1 0 1 0 0 1 0 1 0 0 0 1 0 0 0  --  2  --  6  --  0  --  2
0 1 1 1 0 1 0 0 0 1 0 0 1 0 0 0  --  0 1 1 1 0 0 1 0 0 0 1 0 1 0 0 0  --  2  --  6  --  0  --  2
1 1 1 0 0 0 1 0 0 1 0 0 1 0 0 0  --  1 0 0 1 1 0 1 0 1 1 0 0 0 0 0 0  --  2  --  6  --  0  --  2
0 0 1 0 1 1 1 0 0 1 0 0 1 0 0 0  --  0 0 1 1 1 0 1 0 0 1 1 0 0 0 0 0  --  2  --  6  --  0  --  2
1 1 0 1 0 0 0 1 0 1 0 0 1 0 0 0  --  1 0 1 1 1 0 1 0 1 1 1 0 0 0 0 0  --  2  --  6  --  0  --  2
0 0 0 1 1 1 0 1 0 1 0 0 1 0 0 0  --  0 0 0 1 1 0 1 0 0 1 0 0 0 0 0 0  --  2  --  6  --  1  --  2
1 0 0 0 1 0 1 1 0 1 0 0 1 0 0 0  --  1 1 1 1 0 0 1 0 1 0 1 0 1 0 0 0  --  2  --  6  --  0  --  2
0 1 0 0 0 1 1 1 0 1 0 0 1 0 0 0  --  0 1 0 1 0 0 1 0 0 0 0 0 1 0 0 0  --  2  --  6  --  1  --  2
1 1 0 1 1 0 0 0 0 0 1 0 1 0 0 0  --  1 0 1 1 0 1 0 0 1 0 0 0 1 0 0 0  --  2  --  6  --  0  --  2
1 1 1 0 0 1 0 0 0 0 1 0 1 0 0 0  --  1 0 0 1 1 1 0 0 1 0 1 0 0 0 0 0  --  2  --  6  --  0  --  2
0 1 1 1 0 0 1 0 0 0 1 0 1 0 0 0  --  0 1 1 1 0 1 0 0 0 1 0 0 1 0 0 0  --  2  --  6  --  0  --  2
0 1 0 0 1 1 1 0 0 0 1 0 1 0 0 0  --  0 1 0 1 1 1 0 0 0 1 1 0 0 0 0 0  --  2  --  6  --  0  --  2
1 0 1 1 0 0 0 1 0 0 1 0 1 0 0 0  --  1 1 0 1 1 1 0 0 1 1 1 0 0 0 0 0  --  2  --  6  --  0  --  2
1 0 0 0 1 1 0 1 0 0 1 0 1 0 0 0  --  1 1 1 1 0 1 0 0 1 1 0 0 1 0 0 0  --  2  --  6  --  0  --  2
0 0 0 1 1 0 1 1 0 0 1 0 1 0 0 0  --  0 0 0 1 1 1 0 0 0 0 1 0 0 0 0 0  --  2  --  6  --  1  --  2
0 0 1 0 0 1 1 1 0 0 1 0 1 0 0 0  --  0 0 1 1 0 1 0 0 0 0 0 0 1 0 0 0  --  2  --  6  --  1  --  2
0 0 0 1 1 0 0 0 1 1 1 0 1 0 0 0  --  0 0 0 1 1 1 1 0 1 0 0 0 1 0 0 0  --  2  --  6  --  0  --  2
0 0 1 0 0 1 0 0 1 1 1 0 1 0 0 0  --  0 0 1 1 0 1 1 0 1 0 1 0 0 0 0 0  --  2  --  6  --  0  --  2
0 1 0 0 0 0 1 0 1 1 1 0 1 0 0 0  --  0 1 0 1 0 1 1 0 1 1 0 0 0 0 0 0  --  2  --  6  --  0  --  2
0 1 1 1 1 1 1 0 1 1 1 0 1 0 0 0  --  0 1 1 1 1 1 1 0 1 1 1 0 1 0 0 0  --  2  --  6  --  0  --  2
1 0 0 0 0 0 0 1 1 1 1 0 1 0 0 0  --  1 1 1 1 1 1 1 0 0 1 1 0 1 0 0 0  --  2  --  6  --  0  --  2
1 0 1 1 1 1 0 1 1 1 1 0 1 0 0 0  --  1 1 0 1 0 1 1 0 0 1 0 0 0 0 0 0  --  2  --  6  --  0  --  2
1 1 0 1 1 0 1 1 1 1 1 0 1 0 0 0  --  1 0 1 1 0 1 1 0 0 0 1 0 0 0 0 0  --  2  --  6  --  0  --  2
1 1 1 0 0 1 1 1 1 1 1 0 1 0 0 0  --  1 0 0 1 1 1 1 0 0 0 0 0 1 0 0 0  --  2  --  6  --  0  --  2
1 1 1 0 1 0 0 0 0 0 0 1 1 0 0 0  --  1 0 0 1 0 1 1 0 1 0 0 0 1 0 0 0  --  2  --  6  --  0  --  2
1 1 0 1 0 1 0 0 0 0 0 1 1 0 0 0  --  1 0 1 1 1 1 1 0 1 0 1 0 0 0 0 0  --  2  --  6  --  0  --  2
1 0 1 1 0 0 1 0 0 0 0 1 1 0 0 0  --  1 1 0 1 1 1 1 0 1 1 0 0 0 0 0 0  --  2  --  6  --  0  --  2
1 0 0 0 1 1 1 0 0 0 0 1 1 0 0 0  --  1 1 1 1 0 1 1 0 1 1 1 0 1 0 0 0  --  2  --  6  --  0  --  2
0 1 1 1 0 0 0 1 0 0 0 1 1 0 0 0  --  0 1 1 1 0 1 1 0 0 1 1 0 1 0 0 0  --  2  --  6  --  1  --  2
0 1 0 0 1 1 0 1 0 0 0 1 1 0 0 0  --  0 1 0 1 1 1 1 0 0 1 0 0 0 0 0 0  --  2  --  6  --  1  --  2
0 0 1 0 1 0 1 1 0 0 0 1 1 0 0 0  --  0 0 1 1 1 1 1 0 0 0 1 0 0 0 0 0  --  2  --  6  --  1  --  2
0 0 0 1 0 1 1 1 0 0 0 1 1 0 0 0  --  0 0 0 1 0 1 1 0 0 0 0 0 1 0 0 0  --  2  --  6  --  0  --  2
0 0 1 0 1 0 0 0 1 1 0 1 1 0 0 0  --  0 0 1 1 1 1 0 0 1 0 0 0 1 0 0 0  --  2  --  6  --  0  --  2
0 0 0 1 0 1 0 0 1 1 0 1 1 0 0 0  --  0 0 0 1 0 1 0 0 1 0 1 0 0 0 0 0  --  2  --  6  --  1  --  2
1 0 0 0 0 0 1 0 1 1 0 1 1 0 0 0  --  1 1 1 1 1 1 0 0 0 1 0 0 1 0 0 0  --  2  --  6  --  0  --  2
1 0 1 1 1 1 1 0 1 1 0 1 1 0 0 0  --  1 1 0 1 0 1 0 0 0 1 1 0 0 0 0 0  --  2  --  6  --  0  --  2
0 1 0 0 0 0 0 1 1 1 0 1 1 0 0 0  --  0 1 0 1 0 1 0 0 1 1 1 0 0 0 0 0  --  2  --  6  --  1  --  2
0 1 1 1 1 1 0 1 1 1 0 1 1 0 0 0  --  0 1 1 1 1 1 0 0 1 1 0 0 1 0 0 0  --  2  --  6  --  0  --  2
1 1 1 0 1 0 1 1 1 1 0 1 1 0 0 0  --  1 0 0 1 0 1 0 0 0 0 1 0 0 0 0 0  --  2  --  6  --  0  --  2
1 1 0 1 0 1 1 1 1 1 0 1 1 0 0 0  --  1 0 1 1 1 1 0 0 0 0 0 0 1 0 0 0  --  2  --  6  --  0  --  2
0 1 0 0 1 0 0 0 1 0 1 1 1 0 0 0  --  0 1 0 1 1 0 1 0 1 0 0 0 1 0 0 0  --  2  --  6  --  0  --  2
1 0 0 0 0 1 0 0 1 0 1 1 1 0 0 0  --  1 1 1 1 1 0 1 0 0 0 1 0 1 0 0 0  --  2  --  6  --  0  --  2
0 0 0 1 0 0 1 0 1 0 1 1 1 0 0 0  --  0 0 0 1 0 0 1 0 1 1 0 0 0 0 0 0  --  2  --  6  --  1  --  2
1 1 0 1 1 1 1 0 1 0 1 1 1 0 0 0  --  1 0 1 1 0 0 1 0 0 1 1 0 0 0 0 0  --  2  --  6  --  0  --  2
0 0 1 0 0 0 0 1 1 0 1 1 1 0 0 0  --  0 0 1 1 0 0 1 0 1 1 1 0 0 0 0 0  --  2  --  6  --  1  --  2
1 1 1 0 1 1 0 1 1 0 1 1 1 0 0 0  --  1 0 0 1 0 0 1 0 0 1 0 0 0 0 0 0  --  2  --  6  --  0  --  2
0 1 1 1 1 0 1 1 1 0 1 1 1 0 0 0  --  0 1 1 1 1 0 1 0 1 0 1 0 1 0 0 0  --  2  --  6  --  0  --  2
1 0 1 1 0 1 1 1 1 0 1 1 1 0 0 0  --  1 1 0 1 1 0 1 0 0 0 0 0 1 0 0 0  --  2  --  6  --  0  --  2
1 0 0 0 1 0 0 0 0 1 1 1 1 0 0 0  --  1 1 1 1 0 0 0 0 1 0 0 0 1 0 0 0  --  2  --  6  --  0  --  2
0 1 0 0 0 1 0 0 0 1 1 1 1 0 0 0  --  0 1 0 1 0 0 0 0 0 0 1 0 1 0 0 0  --  2  --  6  --  1  --  2
0 0 1 0 0 0 1 0 0 1 1 1 1 0 0 0  --  0 0 1 1 0 0 0 0 0 1 0 0 1 0 0 0  --  2  --  6  --  1  --  2
1 1 1 0 1 1 1 0 0 1 1 1 1 0 0 0  --  1 0 0 1 0 0 0 0 1 1 1 0 1 0 0 0  --  2  --  6  --  0  --  2
0 0 0 1 0 0 0 1 0 1 1 1 1 0 0 0  --  0 0 0 1 0 0 0 0 0 1 1 0 1 0 0 0  --  2  --  6  --  0  --  2
1 1 0 1 1 1 0 1 0 1 1 1 1 0 0 0  --  1 0 1 1 0 0 0 0 1 1 0 0 1 0 0 0  --  2  --  6  --  0  --  2
1 0 1 1 1 0 1 1 0 1 1 1 1 0 0 0  --  1 1 0 1 0 0 0 0 1 0 1 0 1 0 0 0  --  2  --  6  --  0  --  2
0 1 1 1 0 1 1 1 0 1 1 1 1 0 0 0  --  0 1 1 1 0 0 0 0 0 0 0 0 1 0 0 0  --  2  --  6  --  1  --  2
1 0 1 1 1 0 0 0 1 0 0 0 0 1 0 0  --  1 1 0 1 0 0 1 0 0 0 1 0 1 0 0 0  --  2  --  6  --  0  --  2
0 1 1 1 0 1 0 0 1 0 0 0 0 1 0 0  --  0 1 1 1 0 0 1 0 1 0 0 0 1 0 0 0  --  2  --  6  --  0  --  2
1 1 1 0 0 0 1 0 1 0 0 0 0 1 0 0  --  1 0 0 1 1 0 1 0 0 1 1 0 0 0 0 0  --  2  --  6  --  0  --  2
0 0 1 0 1 1 1 0 1 0 0 0 0 1 0 0  --  0 0 1 1 1 0 1 0 1 1 0 0 0 0 0 0  --  2  --  6  --  0  --  2
1 1 0 1 0 0 0 1 1 0 0 0 0 1 0 0  --  1 0 1 1 1 0 1 0 0 1 0 0 0 0 0 0  --  2  --  6  --  0  --  2
0 0 0 1 1 1 0 1 1 0 0 0 0 1 0 0  --  0 0 0 1 1 0 1 0 1 1 1 0 0 0 0 0  --  2  --  6  --  1  --  2
1 0 0 0 1 0 1 1 1 0 0 0 0 1 0 0  --  1 1 1 1 0 0 1 0 0 0 0 0 1 0 0 0  --  2  --  6  --  0  --  2
0 1 0 0 0 1 1 1 1 0 0 0 0 1 0 0  --  0 1 0 1 0 0 1 0 1 0 1 0 1 0 0 0  --  2  --  6  --  1  --  2
0 1 1 1 1 0 0 0 0 1 0 0 0 1 0 0  --  0 1 1 1 1 0 0 0 0 0 1 0 1 0 0 0  --  2  --  6  --  0  --  2
1 0 1 1 0 1 0 0 0 1 0 0 0 1 0 0  --  1 1 0 1 1 0 0 0 1 0 0 0 1 0 0 0  --  2  --  6  --  0  --  2
1 1 0 1 0 0 1 0 0 1 0 0 0 1 0 0  --  1 0 1 1 1 0 0 0 1 1 1 0 1 0 0 0  --  2  --  6  --  0  --  2
0 0 0 1 1 1 1 0 0 1 0 0 0 1 0 0  --  0 0 0 1 1 0 0 0 0 1 0 0 1 0 0 0  --  2  --  6  --  1  --  2
1 1 1 0 0 0 0 1 0 1 0 0 0 1 0 0  --  1 0 0 1 1 0 0 0 1 1 0 0 1 0 0 0  --  2  --  6  --  0  --  2
0 0 1 0 1 1 0 1 0 1 0 0 0 1 0 0  --  0 0 1 1 1 0 0 0 0 1 1 0 1 0 0 0  --  2  --  6  --  1  --  2
0 1 0 0 1 0 1 1 0 1 0 0 0 1 0 0  --  0 1 0 1 1 0 0 0 0 0 0 0 1 0 0 0  --  2  --  6  --  1  --  2
1 0 0 0 0 1 1 1 0 1 0 0 0 1 0 0  --  1 1 1 1 1 0 0 0 1 0 1 0 1 0 0 0  --  2  --  6  --  2  --  2
1 1 1 0 1 0 0 0 0 0 1 0 0 1 0 0  --  1 0 0 1 0 1 1 0 1 0 1 0 0 0 0 0  --  2  --  6  --  0  --  2
1 1 0 1 0 1 0 0 0 0 1 0 0 1 0 0  --  1 0 1 1 1 1 1 0 1 0 0 0 1 0 0 0  --  2  --  6  --  0  --  2
1 0 1 1 0 0 1 0 0 0 1 0 0 1 0 0  --  1 1 0 1 1 1 1 0 1 1 1 0 1 0 0 0  --  2  --  6  --  0  --  2
1 0 0 0 1 1 1 0 0 0 1 0 0 1 0 0  --  1 1 1 1 0 1 1 0 1 1 0 0 0 0 0 0  --  2  --  6  --  0  --  2
0 1 1 1 0 0 0 1 0 0 1 0 0 1 0 0  --  0 1 1 1 0 1 1 0 0 1 0 0 0 0 0 0  --  2  --  6  --  1  --  2
0 1 0 0 1 1 0 1 0 0 1 0 0 1 0 0  --  0 1 0 1 1 1 1 0 0 1 1 0 1 0 0 0  --  2  --  6  --  1  --  2
0 0 1 0 1 0 1 1 0 0 1 0 0 1 0 0  --  0 0 1 1 1 1 1 0 0 0 0 0 1 0 0 0  --  2  --  6  --  1  --  2
0 0 0 1 0 1 1 1 0 0 1 0 0 1 0 0  --  0 0 0 1 0 1 1 0 0 0 1 0 0 0 0 0  --  2  --  6  --  0  --  2
0 0 1 0 1 0 0 0 1 1 1 0 0 1 0 0  --  0 0 1 1 1 1 0 0 1 0 1 0 0 0 0 0  --  2  --  6  --  0  --  2
0 0 0 1 0 1 0 0 1 1 1 0 0 1 0 0  --  0 0 0 1 0 1 0 0 1 0 0 0 1 0 0 0  --  2  --  6  --  1  --  2
1 0 0 0 0 0 1 0 1 1 1 0 0 1 0 0  --  1 1 1 1 1 1 0 0 0 1 1 0 0 0 0 0  --  2  --  6  --  0  --  2
1 0 1 1 1 1 1 0 1 1 1 0 0 1 0 0  --  1 1 0 1 0 1 0 0 0 1 0 0 1 0 0 0  --  2  --  6  --  0  --  2
0 1 0 0 0 0 0 1 1 1 1 0 0 1 0 0  --  0 1 0 1 0 1 0 0 1 1 0 0 1 0 0 0  --  2  --  6  --  1  --  2
0 1 1 1 1 1 0 1 1 1 1 0 0 1 0 0  --  0 1 1 1 1 1 0 0 1 1 1 0 0 0 0 0  --  2  --  6  --  0  --  2
1 1 1 0 1 0 1 1 1 1 1 0 0 1 0 0  --  1 0 0 1 0 1 0 0 0 0 0 0 1 0 0 0  --  2  --  6  --  0  --  2
1 1 0 1 0 1 1 1 1 1 1 0 0 1 0 0  --  1 0 1 1 1 1 0 0 0 0 1 0 0 0 0 0  --  2  --  6  --  0  --  2
1 1 0 1 1 0 0 0 0 0 0 1 0 1 0 0  --  1 0 1 1 0 1 0 0 1 0 1 0 0 0 0 0  --  2  --  6  --  0  --  2
1 1 1 0 0 1 0 0 0 0 0 1 0 1 0 0  --  1 0 0 1 1 1 0 0 1 0 0 0 1 0 0 0  --  2  --  6  --  0  --  2
0 1 1 1 0 0 1 0 0 0 0 1 0 1 0 0  --  0 1 1 1 0 1 0 0 0 1 1 0 0 0 0 0  --  2  --  6  --  1  --  2
0 1 0 0 1 1 1 0 0 0 0 1 0 1 0 0  --  0 1 0 1 1 1 0 0 0 1 0 0 1 0 0 0  --  2  --  6  --  1  --  2
1 0 1 1 0 0 0 1 0 0 0 1 0 1 0 0  --  1 1 0 1 1 1 0 0 1 1 0 0 1 0 0 0  --  2  --  6  --  1  --  2
1 0 0 0 1 1 0 1 0 0 0 1 0 1 0 0  --  1 1 1 1 0 1 0 0 1 1 1 0 0 0 0 0  --  2  --  6  --  1  --  2
0 0 0 1 1 0 1 1 0 0 0 1 0 1 0 0  --  0 0 0 1 1 1 0 0 0 0 0 0 1 0 0 0  --  2  --  6  --  0  --  2
0 0 1 0 0 1 1 1 0 0 0 1 0 1 0 0  --  0 0 1 1 0 1 0 0 0 0 1 0 0 0 0 0  --  2  --  6  --  0  --  2
0 0 0 1 1 0 0 0 1 1 0 1 0 1 0 0  --  0 0 0 1 1 1 1 0 1 0 1 0 0 0 0 0  --  2  --  6  --  1  --  2
0 0 1 0 0 1 0 0 1 1 0 1 0 1 0 0  --  0 0 1 1 0 1 1 0 1 0 0 0 1 0 0 0  --  2  --  6  --  1  --  2
0 1 0 0 0 0 1 0 1 1 0 1 0 1 0 0  --  0 1 0 1 0 1 1 0 1 1 1 0 1 0 0 0  --  2  --  6  --  1  --  2
0 1 1 1 1 1 1 0 1 1 0 1 0 1 0 0  --  0 1 1 1 1 1 1 0 1 1 0 0 0 0 0 0  --  2  --  6  --  0  --  2
1 0 0 0 0 0 0 1 1 1 0 1 0 1 0 0  --  1 1 1 1 1 1 1 0 0 1 0 0 0 0 0 0  --  2  --  6  --  1  --  2
1 0 1 1 1 1 0 1 1 1 0 1 0 1 0 0  --  1 1 0 1 0 1 1 0 0 1 1 0 1 0 0 0  --  2  --  6  --  0  --  2
1 1 0 1 1 0 1 1 1 1 0 1 0 1 0 0  --  1 0 1 1 0 1 1 0 0 0 0 0 1 0 0 0  --  2  --  6  --  0  --  2
1 1 1 0 0 1 1 1 1 1 0 1 0 1 0 0  --  1 0 0 1 1 1 1 0 0 0 1 0 0 0 0 0  --  2  --  6  --  0  --  2
1 0 0 0 1 0 0 0 1 0 1 1 0 1 0 0  --  1 1 1 1 0 0 0 0 0 0 1 0 1 0 0 0  --  2  --  6  --  0  --  2
0 1 0 0 0 1 0 0 1 0 1 1 0 1 0 0  --  0 1 0 1 0 0 0 0 1 0 0 0 1 0 0 0  --  2  --  6  --  1  --  2
0 0 1 0 0 0 1 0 1 0 1 1 0 1 0 0  --  0 0 1 1 0 0 0 0 1 1 1 0 1 0 0 0  --  2  --  6  --  1  --  2
1 1 1 0 1 1 1 0 1 0 1 1 0 1 0 0  --  1 0 0 1 0 0 0 0 0 1 0 0 1 0 0 0  --  2  --  6  --  0  --  2
0 0 0 1 0 0 0 1 1 0 1 1 0 1 0 0  --  0 0 0 1 0 0 0 0 1 1 0 0 1 0 0 0  --  2  --  6  --  0  --  2
1 1 0 1 1 1 0 1 1 0 1 1 0 1 0 0  --  1 0 1 1 0 0 0 0 0 1 1 0 1 0 0 0  --  2  --  6  --  0  --  2
1 0 1 1 1 0 1 1 1 0 1 1 0 1 0 0  --  1 1 0 1 0 0 0 0 0 0 0 0 1 0 0 0  --  2  --  6  --  0  --  2
0 1 1 1 0 1 1 1 1 0 1 1 0 1 0 0  --  0 1 1 1 0 0 0 0 1 0 1 0 1 0 0 0  --  2  --  6  --  1  --  2
0 1 0 0 1 0 0 0 0 1 1 1 0 1 0 0  --  0 1 0 1 1 0 1 0 0 0 1 0 1 0 0 0  --  2  --  6  --  1  --  2
1 0 0 0 0 1 0 0 0 1 1 1 0 1 0 0  --  1 1 1 1 1 0 1 0 1 0 0 0 1 0 0 0  --  2  --  6  --  2  --  2
0 0 0 1 0 0 1 0 0 1 1 1 0 1 0 0  --  0 0 0 1 0 0 1 0 0 1 1 0 0 0 0 0  --  2  --  6  --  0  --  2
1 1 0 1 1 1 1 0 0 1 1 1 0 1 0 0  --  1 0 1 1 0 0 1 0 1 1 0 0 0 0 0 0  --  2  --  6  --  0  --  2
0 0 1 0 0 0 0 1 0 1 1 1 0 1 0 0  --  0 0 1 1 0 0 1 0 0 1 0 0 0 0 0 0  --  2  --  6  --  0  --  2
1 1 1 0 1 1 0 1 0 1 1 1 0 1 0 0  --  1 0 0 1 0 0 1 0 1 1 1 0 0 0 0 0  --  2  --  6  --  0  --  2
0 1 1 1 1 0 1 1 0 1 1 1 0 1 0 0  --  0 1 1 1 1 0 1 0 0 0 0 0 1 0 0 0  --  2  --  6  --  1  --  2
1 0 1 1 0 1 1 1 0 1 1 1 0 1 0 0  --  1 1 0 1 1 0 1 0 1 0 1 0 1 0 0 0  --  2  --  6  --  1  --  2
0 1 1 0 1 0 1 0 0 0 0 0 1 1 0 0  --  0 1 1 0 1 0 1 0 0 1 1 0 0 0 0 0  --  2  --  6  --  0  --  2
1 0 0 1 1 0 1 0 0 0 0 0 1 1 0 0  --  1 1 1 0 0 0 1 0 1 1 1 0 1 0 0 0  --  2  --  6  --  0  --  2
1 0 1 0 0 1 1 0 0 0 0 0 1 1 0 0  --  1 1 0 0 1 0 1 0 1 1 0 0 0 0 0 0  --  2  --  6  --  0  --  2
0 1 0 1 0 1 1 0 0 0 0 0 1 1 0 0  --  0 1 0 0 0 0 1 0 0 1 0 0 1 0 0 0  --  2  --  6  --  1  --  2
1 0 1 0 1 0 0 1 0 0 0 0 1 1 0 0  --  1 1 0 0 0 0 1 0 1 1 0 0 1 0 0 0  --  2  --  6  --  0  --  2
0 1 0 1 1 0 0 1 0 0 0 0 1 1 0 0  --  0 1 0 0 1 0 1 0 0 1 0 0 0 0 0 0  --  2  --  6  --  1  --  2
0 1 1 0 0 1 0 1 0 0 0 0 1 1 0 0  --  0 1 1 0 0 0 1 0 0 1 1 0 1 0 0 0  --  2  --  6  --  1  --  2
1 0 0 1 0 1 0 1 0 0 0 0 1 1 0 0  --  1 1 1 0 1 0 1 0 1 1 1 0 0 0 0 0  --  2  --  6  --  2  --  2
0 1 1 0 0 0 0 0 1 0 1 0 1 1 0 0  --  0 1 1 0 0 1 1 0 1 0 1 0 0 0 0 0  --  2  --  6  --  0  --  2
1 0 0 1 0 0 0 0 1 0 1 0 1 1 0 0  --  1 1 1 0 1 1 1 0 0 0 1 0 1 0 0 0  --  2  --  6  --  0  --  2
0 0 0 0 0 1 1 0 1 0 1 0 1 1 0 0  --  0 0 0 0 0 1 1 0 1 1 0 0 0 0 0 0  --  2  --  6  --  1  --  2
1 1 1 1 0 1 1 0 1 0 1 0 1 1 0 0  --  1 0 0 0 1 1 1 0 0 1 0 0 1 0 0 0  --  2  --  6  --  0  --  2
0 0 0 0 1 0 0 1 1 0 1 0 1 1 0 0  --  0 0 0 0 1 1 1 0 1 1 0 0 1 0 0 0  --  2  --  6  --  1  --  2
1 1 1 1 1 0 0 1 1 0 1 0 1 1 0 0  --  1 0 0 0 0 1 1 0 0 1 0 0 0 0 0 0  --  2  --  6  --  0  --  2
0 1 1 0 1 1 1 1 1 0 1 0 1 1 0 0  --  0 1 1 0 1 1 1 0 1 0 1 0 1 0 0 0  --  2  --  6  --  0  --  2
1 0 0 1 1 1 1 1 1 0 1 0 1 1 0 0  --  1 1 1 0 0 1 1 0 0 0 1 0 0 0 0 0  --  2  --  6  --  0  --  2
1 0 1 0 0 0 0 0 0 1 1 0 1 1 0 0  --  1 1 0 0 1 1 0 0 1 0 1 0 0 0 0 0  --  2  --  6  --  0  --  2
0 1 0 1 0 0 0 0 0 1 1 0 1 1 0 0  --  0 1 0 0 0 1 0 0 0 0 1 0 1 0 0 0  --  2  --  6  --  1  --  2
0 0 0 0 1 0 1 0 0 1 1 0 1 1 0 0  --  0 0 0 0 1 1 0 0 0 1 1 0 0 0 0 0  --  2  --  6  --  1  --  2
1 1 1 1 1 0 1 0 0 1 1 0 1 1 0 0  --  1 0 0 0 0 1 0 0 1 1 1 0 1 0 0 0  --  2  --  6  --  0  --  2
0 0 0 0 0 1 0 1 0 1 1 0 1 1 0 0  --  0 0 0 0 0 1 0 0 0 1 1 0 1 0 0 0  --  2  --  6  --  0  --  2
1 1 1 1 0 1 0 1 0 1 1 0 1 1 0 0  --  1 0 0 0 1 1 0 0 1 1 1 0 0 0 0 0  --  2  --  6  --  0  --  2
1 0 1 0 1 1 1 1 0 1 1 0 1 1 0 0  --  1 1 0 0 0 1 0 0 1 0 1 0 1 0 0 0  --  2  --  6  --  0  --  2
0 1 0 1 1 1 1 1 0 1 1 0 1 1 0 0  --  0 1 0 0 1 1 0 0 0 0 1 0 0 0 0 0  --  2  --  6  --  1  --  2
1 0 1 0 0 0 0 0 1 0 0 1 1 1 0 0  --  1 1 0 0 1 1 0 0 0 0 1 0 1 0 0 0  --  2  --  6  --  0  --  2
0 1 0 1 0 0 0 0 1 0 0 1 1 1 0 0  --  0 1 0 0 0 1 0 0 1 0 1 0 0 0 0 0  --  2  --  6  --  1  --  2
0 0 0 0 1 0 1 0 1 0 0 1 1 1 0 0  --  0 0 0 0 1 1 0 0 1 1 1 0 1 0 0 0  --  2  --  6  --  1  --  2
1 1 1 1 1 0 1 0 1 0 0 1 1 1 0 0  --  1 0 0 0 0 1 0 0 0 1 1 0 0 0 0 0  --  2  --  6  --  0  --  2
0 0 0 0 0 1 0 1 1 0 0 1 1 1 0 0  --  0 0 0 0 0 1 0 0 1 1 1 0 0 0 0 0  --  2  --  6  --  0  --  2
1 1 1 1 0 1 0 1 1 0 0 1 1 1 0 0  --  1 0 0 0 1 1 0 0 0 1 1 0 1 0 0 0  --  2  --  6  --  0  --  2
1 0 1 0 1 1 1 1 1 0 0 1 1 1 0 0  --  1 1 0 0 0 1 0 0 0 0 1 0 0 0 0 0  --  2  --  6  --  0  --  2
0 1 0 1 1 1 1 1 1 0 0 1 1 1 0 0  --  0 1 0 0 1 1 0 0 1 0 1 0 1 0 0 0  --  2  --  6  --  1  --  2
0 1 1 0 0 0 0 0 0 1 0 1 1 1 0 0  --  0 1 1 0 0 1 1 0 0 0 1 0 1 0 0 0  --  2  --  6  --  1  --  2
1 0 0 1 0 0 0 0 0 1 0 1 1 1 0 0  --  1 1 1 0 1 1 1 0 1 0 1 0 0 0 0 0  --  2  --  6  --  2  --  2
0 0 0 0 0 1 1 0 0 1 0 1 1 1 0 0  --  0 0 0 0 0 1 1 0 0 1 0 0 1 0 0 0  --  2  --  6  --  0  --  2
1 1 1 1 0 1 1 0 0 1 0 1 1 1 0 0  --  1 0 0 0 1 1 1 0 1 1 0 0 0 0 0 0  --  2  --  6  --  0  --  2
0 0 0 0 1 0 0 1 0 1 0 1 1 1 0 0  --  0 0 0 0 1 1 1 0 0 1 0 0 0 0 0 0  --  2  --  6  --  0  --  2
1 1 1 1 1 0 0 1 0 1 0 1 1 1 0 0  --  1 0 0 0 0 1 1 0 1 1 0 0 1 0 0 0  --  2  --  6  --  0  --  2
0 1 1 0 1 1 1 1 0 1 0 1 1 1 0 0  --  0 1 1 0 1 1 1 0 0 0 1 0 0 0 0 0  --  2  --  6  --  1  --  2
1 0 0 1 1 1 1 1 0 1 0 1 1 1 0 0  --  1 1 1 0 0 1 1 0 1 0 1 0 1 0 0 0  --  2  --  6  --  1  --  2
0 1 1 0 1 0 1 0 1 1 1 1 1 1 0 0  --  0 1 1 0 1 0 1 0 1 1 1 0 1 0 0 0  --  2  --  6  --  0  --  2
1 0 0 1 1 0 1 0 1 1 1 1 1 1 0 0  --  1 1 1 0 0 0 1 0 0 1 1 0 0 0 0 0  --  2  --  6  --  0  --  2
1 0 1 0 0 1 1 0 1 1 1 1 1 1 0 0  --  1 1 0 0 1 0 1 0 0 1 0 0 1 0 0 0  --  2  --  6  --  0  --  2
0 1 0 1 0 1 1 0 1 1 1 1 1 1 0 0  --  0 1 0 0 0 0 1 0 1 1 0 0 0 0 0 0  --  2  --  6  --  1  --  2
1 0 1 0 1 0 0 1 1 1 1 1 1 1 0 0  --  1 1 0 0 0 0 1 0 0 1 0 0 0 0 0 0  --  2  --  6  --  0  --  2
0 1 0 1 1 0 0 1 1 1 1 1 1 1 0 0  --  0 1 0 0 1 0 1 0 1 1 0 0 1 0 0 0  --  2  --  6  --  1  --  2
0 1 1 0 0 1 0 1 1 1 1 1 1 1 0 0  --  0 1 1 0 0 0 1 0 1 1 1 0 0 0 0 0  --  2  --  6  --  1  --  2
1 0 0 1 0 1 0 1 1 1 1 1 1 1 0 0  --  1 1 1 0 1 0 1 0 0 1 1 0 1 0 0 0  --  2  --  6  --  1  --  2
1 1 0 1 1 0 0 0 1 0 0 0 0 0 1 0  --  1 0 1 1 0 1 0 0 0 1 0 0 1 0 0 0  --  2  --  6  --  0  --  2
1 1 1 0 0 1 0 0 1 0 0 0 0 0 1 0  --  1 0 0 1 1 1 0 0 0 1 1 0 0 0 0 0  --  2  --  6  --  0  --  2
0 1 1 1 0 0 1 0 1 0 0 0 0 0 1 0  --  0 1 1 1 0 1 0 0 1 0 0 0 1 0 0 0  --  2  --  6  --  0  --  2
0 1 0 0 1 1 1 0 1 0 0 0 0 0 1 0  --  0 1 0 1 1 1 0 0 1 0 1 0 0 0 0 0  --  2  --  6  --  0  --  2
1 0 1 1 0 0 0 1 1 0 0 0 0 0 1 0  --  1 1 0 1 1 1 0 0 0 0 1 0 0 0 0 0  --  2  --  6  --  0  --  2
1 0 0 0 1 1 0 1 1 0 0 0 0 0 1 0  --  1 1 1 1 0 1 0 0 0 0 0 0 1 0 0 0  --  2  --  6  --  0  --  2
0 0 0 1 1 0 1 1 1 0 0 0 0 0 1 0  --  0 0 0 1 1 1 0 0 1 1 1 0 0 0 0 0  --  2  --  6  --  1  --  2
0 0 1 0 0 1 1 1 1 0 0 0 0 0 1 0  --  0 0 1 1 0 1 0 0 1 1 0 0 1 0 0 0  --  2  --  6  --  1  --  2
1 1 1 0 1 0 0 0 0 1 0 0 0 0 1 0  --  1 0 0 1 0 1 1 0 1 1 0 0 0 0 0 0  --  2  --  6  --  0  --  2
1 1 0 1 0 1 0 0 0 1 0 0 0 0 1 0  --  1 0 1 1 1 1 1 0 1 1 1 0 1 0 0 0  --  2  --  6  --  0  --  2
1 0 1 1 0 0 1 0 0 1 0 0 0 0 1 0  --  1 1 0 1 1 1 1 0 1 0 0 0 1 0 0 0  --  2  --  6  --  0  --  2
1 0 0 0 1 1 1 0 0 1 0 0 0 0 1 0  --  1 1 1 1 0 1 1 0 1 0 1 0 0 0 0 0  --  2  --  6  --  0  --  2
0 1 1 1 0 0 0 1 0 1 0 0 0 0 1 0  --  0 1 1 1 0 1 1 0 0 0 1 0 0 0 0 0  --  2  --  6  --  1  --  2
0 1 0 0 1 1 0 1 0 1 0 0 0 0 1 0  --  0 1 0 1 1 1 1 0 0 0 0 0 1 0 0 0  --  2  --  6  --  1  --  2
0 0 1 0 1 0 1 1 0 1 0 0 0 0 1 0  --  0 0 1 1 1 1 1 0 0 1 1 0 1 0 0 0  --  2  --  6  --  1  --  2
0 0 0 1 0 1 1 1 0 1 0 0 0 0 1 0  --  0 0 0 1 0 1 1 0 0 1 0 0 0 0 0 0  --  2  --  6  --  0  --  2
0 1 1 1 1 0 0 0 0 0 1 0 0 0 1 0  --  0 1 1 1 1 0 0 0 0 1 0 0 1 0 0 0  --  2  --  6  --  0  --  2
1 0 1 1 0 1 0 0 0 0 1 0 0 0 1 0  --  1 1 0 1 1 0 0 0 1 1 1 0 1 0 0 0  --  2  --  6  --  0  --  2
1 1 0 1 0 0 1 0 0 0 1 0 0 0 1 0  --  1 0 1 1 1 0 0 0 1 0 0 0 1 0 0 0  --  2  --  6  --  0  --  2
0 0 0 1 1 1 1 0 0 0 1 0 0 0 1 0  --  0 0 0 1 1 0 0 0 0 0 1 0 1 0 0 0  --  2  --  6  --  1  --  2
1 1 1 0 0 0 0 1 0 0 1 0 0 0 1 0  --  1 0 0 1 1 0 0 0 1 0 1 0 1 0 0 0  --  2  --  6  --  0  --  2
0 0 1 0 1 1 0 1 0 0 1 0 0 0 1 0  --  0 0 1 1 1 0 0 0 0 0 0 0 1 0 0 0  --  2  --  6  --  1  --  2
0 1 0 0 1 0 1 1 0 0 1 0 0 0 1 0  --  0 1 0 1 1 0 0 0 0 1 1 0 1 0 0 0  --  2  --  6  --  1  --  2
1 0 0 0 0 1 1 1 0 0 1 0 0 0 1 0  --  1 1 1 1 1 0 0 0 1 1 0 0 1 0 0 0  --  2  --  6  --  2  --  2
0 1 0 0 1 0 0 0 1 1 1 0 0 0 1 0  --  0 1 0 1 1 0 1 0 1 1 0 0 0 0 0 0  --  2  --  6  --  0  --  2
1 0 0 0 0 1 0 0 1 1 1 0 0 0 1 0  --  1 1 1 1 1 0 1 0 0 1 1 0 0 0 0 0  --  2  --  6  --  0  --  2
0 0 0 1 0 0 1 0 1 1 1 0 0 0 1 0  --  0 0 0 1 0 0 1 0 1 0 0 0 1 0 0 0  --  2  --  6  --  1  --  2
1 1 0 1 1 1 1 0 1 1 1 0 0 0 1 0  --  1 0 1 1 0 0 1 0 0 0 1 0 1 0 0 0  --  2  --  6  --  0  --  2
0 0 1 0 0 0 0 1 1 1 1 0 0 0 1 0  --  0 0 1 1 0 0 1 0 1 0 1 0 1 0 0 0  --  2  --  6  --  1  --  2
1 1 1 0 1 1 0 1 1 1 1 0 0 0 1 0  --  1 0 0 1 0 0 1 0 0 0 0 0 1 0 0 0  --  2  --  6  --  0  --  2
0 1 1 1 1 0 1 1 1 1 1 0 0 0 1 0  --  0 1 1 1 1 0 1 0 1 1 1 0 0 0 0 0  --  2  --  6  --  0  --  2
1 0 1 1 0 1 1 1 1 1 1 0 0 0 1 0  --  1 1 0 1 1 0 1 0 0 1 0 0 0 0 0 0  --  2  --  6  --  0  --  2
1 0 1 1 1 0 0 0 0 0 0 1 0 0 1 0  --  1 1 0 1 0 0 1 0 1 1 0 0 0 0 0 0  --  2  --  6  --  0  --  2
0 1 1 1 0 1 0 0 0 0 0 1 0 0 1 0  --  0 1 1 1 0 0 1 0 0 1 1 0 0 0 0 0  --  2  --  6  --  1  --  2
1 1 1 0 0 0 1 0 0 0 0 1 0 0 1 0  --  1 0 0 1 1 0 1 0 1 0 0 0 1 0 0 0  --  2  --  6  --  0  --  2
0 0 1 0 1 1 1 0 0 0 0 1 0 0 1 0  --  0 0 1 1 1 0 1 0 0 0 1 0 1 0 0 0  --  2  --  6  --  1  --  2
1 1 0 1 0 0 0 1 0 0 0 1 0 0 1 0  --  1 0 1 1 1 0 1 0 1 0 1 0 1 0 0 0  --  2  --  6  --  1  --  2
0 0 0 1 1 1 0 1 0 0 0 1 0 0 1 0  --  0 0 0 1 1 0 1 0 0 0 0 0 1 0 0 0  --  2  --  6  --  0  --  2
1 0 0 0 1 0 1 1 0 0 0 1 0 0 1 0  --  1 1 1 1 0 0 1 0 1 1 1 0 0 0 0 0  --  2  --  6  --  1  --  2
0 1 0 0 0 1 1 1 0 0 0 1 0 0 1 0  --  0 1 0 1 0 0 1 0 0 1 0 0 0 0 0 0  --  2  --  6  --  0  --  2
1 0 0 0 1 0 0 0 1 1 0 1 0 0 1 0  --  1 1 1 1 0 0 0 0 0 1 0 0 1 0 0 0  --  2  --  6  --  0  --  2
0 1 0 0 0 1 0 0 1 1 0 1 0 0 1 0  --  0 1 0 1 0 0 0 0 1 1 1 0 1 0 0 0  --  2  --  6  --  1  --  2
0 0 1 0 0 0 1 0 1 1 0 1 0 0 1 0  --  0 0 1 1 0 0 0 0 1 0 0 0 1 0 0 0  --  2  --  6  --  1  --  2
1 1 1 0 1 1 1 0 1 1 0 1 0 0 1 0  --  1 0 0 1 0 0 0 0 0 0 1 0 1 0 0 0  --  2  --  6  --  0  --  2
0 0 0 1 0 0 0 1 1 1 0 1 0 0 1 0  --  0 0 0 1 0 0 0 0 1 0 1 0 1 0 0 0  --  2  --  6  --  0  --  2
1 1 0 1 1 1 0 1 1 1 0 1 0 0 1 0  --  1 0 1 1 0 0 0 0 0 0 0 0 1 0 0 0  --  2  --  6  --  0  --  2
1 0 1 1 1 0 1 1 1 1 0 1 0 0 1 0  --  1 1 0 1 0 0 0 0 0 1 1 0 1 0 0 0  --  2  --  6  --  0  --  2
0 1 1 1 0 1 1 1 1 1 0 1 0 0 1 0  --  0 1 1 1 0 0 0 0 1 1 0 0 1 0 0 0  --  2  --  6  --  1  --  2
0 0 0 1 1 0 0 0 1 0 1 1 0 0 1 0  --  0 0 0 1 1 1 1 0 1 1 0 0 0 0 0 0  --  2  --  6  --  1  --  2
0 0 1 0 0 1 0 0 1 0 1 1 0 0 1 0  --  0 0 1 1 0 1 1 0 1 1 1 0 1 0 0 0  --  2  --  6  --  1  --  2
0 1 0 0 0 0 1 0 1 0 1 1 0 0 1 0  --  0 1 0 1 0 1 1 0 1 0 0 0 1 0 0 0  --  2  --  6  --  1  --  2
0 1 1 1 1 1 1 0 1 0 1 1 0 0 1 0  --  0 1 1 1 1 1 1 0 1 0 1 0 0 0 0 0  --  2  --  6  --  0  --  2
1 0 0 0 0 0 0 1 1 0 1 1 0 0 1 0  --  1 1 1 1 1 1 1 0 0 0 1 0 0 0 0 0  --  2  --  6  --  1  --  2
1 0 1 1 1 1 0 1 1 0 1 1 0 0 1 0  --  1 1 0 1 0 1 1 0 0 0 0 0 1 0 0 0  --  2  --  6  --  0  --  2
1 1 0 1 1 0 1 1 1 0 1 1 0 0 1 0  --  1 0 1 1 0 1 1 0 0 1 1 0 1 0 0 0  --  2  --  6  --  0  --  2
1 1 1 0 0 1 1 1 1 0 1 1 0 0 1 0  --  1 0 0 1 1 1 1 0 0 1 0 0 0 0 0 0  --  2  --  6  --  0  --  2
0 0 1 0 1 0 0 0 0 1 1 1 0 0 1 0  --  0 0 1 1 1 1 0 0 0 1 0 0 1 0 0 0  --  2  --  6  --  1  --  2
0 0 0 1 0 1 0 0 0 1 1 1 0 0 1 0  --  0 0 0 1 0 1 0 0 0 1 1 0 0 0 0 0  --  2  --  6  --  0  --  2
1 0 0 0 0 0 1 0 0 1 1 1 0 0 1 0  --  1 1 1 1 1 1 0 0 1 0 0 0 1 0 0 0  --  2  --  6  --  2  --  2
1 0 1 1 1 1 1 0 0 1 1 1 0 0 1 0  --  1 1 0 1 0 1 0 0 1 0 1 0 0 0 0 0  --  2  --  6  --  0  --  2
0 1 0 0 0 0 0 1 0 1 1 1 0 0 1 0  --  0 1 0 1 0 1 0 0 0 0 1 0 0 0 0 0  --  2  --  6  --  0  --  2
0 1 1 1 1 1 0 1 0 1 1 1 0 0 1 0  --  0 1 1 1 1 1 0 0 0 0 0 0 1 0 0 0  --  2  --  6  --  1  --  2
1 1 1 0 1 0 1 1 0 1 1 1 0 0 1 0  --  1 0 0 1 0 1 0 0 1 1 1 0 0 0 0 0  --  2  --  6  --  0  --  2
1 1 0 1 0 1 1 1 0 1 1 1 0 0 1 0  --  1 0 1 1 1 1 0 0 1 1 0 0 1 0 0 0  --  2  --  6  --  1  --  2
0 1 1 0 1 1 0 0 0 0 0 0 1 0 1 0  --  0 1 1 0 1 1 0 0 0 1 1 0 0 0 0 0  --  2  --  6  --  0  --  2
1 0 0 1 1 1 0 0 0 0 0 0 1 0 1 0  --  1 1 1 0 0 1 0 0 1 1 1 0 1 0 0 0  --  2  --  6  --  0  --  2
1 1 0 0 0 1 1 0 0 0 0 0 1 0 1 0  --  1 0 1 0 1 1 0 0 1 0 1 0 0 0 0 0  --  2  --  6  --  0  --  2
0 0 1 1 0 1 1 0 0 0 0 0 1 0 1 0  --  0 0 1 0 0 1 0 0 0 0 1 0 1 0 0 0  --  2  --  6  --  1  --  2
1 1 0 0 1 0 0 1 0 0 0 0 1 0 1 0  --  1 0 1 0 0 1 0 0 1 0 1 0 1 0 0 0  --  2  --  6  --  0  --  2
0 0 1 1 1 0 0 1 0 0 0 0 1 0 1 0  --  0 0 1 0 1 1 0 0 0 0 1 0 0 0 0 0  --  2  --  6  --  1  --  2
0 1 1 0 0 0 1 1 0 0 0 0 1 0 1 0  --  0 1 1 0 0 1 0 0 0 1 1 0 1 0 0 0  --  2  --  6  --  1  --  2
1 0 0 1 0 0 1 1 0 0 0 0 1 0 1 0  --  1 1 1 0 1 1 0 0 1 1 1 0 0 0 0 0  --  2  --  6  --  2  --  2
0 1 1 0 0 0 0 0 1 1 0 0 1 0 1 0  --  0 1 1 0 0 1 1 0 1 1 0 0 0 0 0 0  --  2  --  6  --  0  --  2
1 0 0 1 0 0 0 0 1 1 0 0 1 0 1 0  --  1 1 1 0 1 1 1 0 0 1 0 0 1 0 0 0  --  2  --  6  --  0  --  2
0 0 0 0 0 1 1 0 1 1 0 0 1 0 1 0  --  0 0 0 0 0 1 1 0 1 0 1 0 0 0 0 0  --  2  --  6  --  1  --  2
1 1 1 1 0 1 1 0 1 1 0 0 1 0 1 0  --  1 0 0 0 1 1 1 0 0 0 1 0 1 0 0 0  --  2  --  6  --  0  --  2
0 0 0 0 1 0 0 1 1 1 0 0 1 0 1 0  --  0 0 0 0 1 1 1 0 1 0 1 0 1 0 0 0  --  2  --  6  --  1  --  2
1 1 1 1 1 0 0 1 1 1 0 0 1 0 1 0  --  1 0 0 0 0 1 1 0 0 0 1 0 0 0 0 0  --  2  --  6  --  0  --  2
0 1 1 0 1 1 1 1 1 1 0 0 1 0 1 0  --  0 1 1 0 1 1 1 0 1 1 0 0 1 0 0 0  --  2  --  6  --  0  --  2
1 0 0 1 1 1 1 1 1 1 0 0 1 0 1 0  --  1 1 1 0 0 1 1 0 0 1 0 0 0 0 0 0  --  2  --  6  --  0  --  2
1 1 0 0 0 0 0 0 0 1 1 0 1 0 1 0  --  1 0 1 0 1 0 1 0 1 1 0 0 0 0 0 0  --  2  --  6  --  0  --  2
0 0 1 1 0 0 0 0 0 1 1 0 1 0 1 0  --  0 0 1 0 0 0 1 0 0 1 0 0 1 0 0 0  --  2  --  6  --  1  --  2
0 0 0 0 1 1 0 0 0 1 1 0 1 0 1 0  --  0 0 0 0 1 0 1 0 0 1 1 0 0 0 0 0  --  2  --  6  --  1  --  2
1 1 1 1 1 1 0 0 0 1 1 0 1 0 1 0  --  1 0 0 0 0 0 1 0 1 1 1 0 1 0 0 0  --  2  --  6  --  0  --  2
0 0 0 0 0 0 1 1 0 1 1 0 1 0 1 0  --  0 0 0 0 0 0 1 0 0 1 1 0 1 0 0 0  --  2  --  6  --  0  --  2
1 1 1 1 0 0 1 1 0 1 1 0 1 0 1 0  --  1 0 0 0 1 0 1 0 1 1 1 0 0 0 0 0  --  2  --  6  --  0  --  2
1 1 0 0 1 1 1 1 0 1 1 0 1 0 1 0  --  1 0 1 0 0 0 1 0 1 1 0 0 1 0 0 0  --  2  --  6  --  0  --  2
0 0 1 1 1 1 1 1 0 1 1 0 1 0 1 0  --  0 0 1 0 1 0 1 0 0 1 0 0 0 0 0 0  --  2  --  6  --  1  --  2
1 1 0 0 0 0 0 0 1 0 0 1 1 0 1 0  --  1 0 1 0 1 0 1 0 0 1 0 0 1 0 0 0  --  2  --  6  --  0  --  2
0 0 1 1 0 0 0 0 1 0 0 1 1 0 1 0  --  0 0 1 0 0 0 1 0 1 1 0 0 0 0 0 0  --  2  --  6  --  1  --  2
0 0 0 0 1 1 0 0 1 0 0 1 1 0 1 0  --  0 0 0 0 1 0 1 0 1 1 1 0 1 0 0 0  --  2  --  6  --  1  --  2
1 1 1 1 1 1 0 0 1 0 0 1 1 0 1 0  --  1 0 0 0 0 0 1 0 0 1 1 0 0 0 0 0  --  2  --  6  --  0  --  2
0 0 0 0 0 0 1 1 1 0 0 1 1 0 1 0  --  0 0 0 0 0 0 1 0 1 1 1 0 0 0 0 0  --  2  --  6  --  0  --  2
1 1 1 1 0 0 1 1 1 0 0 1 1 0 1 0  --  1 0 0 0 1 0 1 0 0 1 1 0 1 0 0 0  --  2  --  6  --  0  --  2
1 1 0 0 1 1 1 1 1 0 0 1 1 0 1 0  --  1 0 1 0 0 0 1 0 0 1 0 0 0 0 0 0  --  2  --  6  --  0  --  2
0 0 1 1 1 1 1 1 1 0 0 1 1 0 1 0  --  0 0 1 0 1 0 1 0 1 1 0 0 1 0 0 0  --  2  --  6  --  1  --  2
0 1 1 0 0 0 0 0 0 0 1 1 1 0 1 0  --  0 1 1 0 0 1 1 0 0 1 0 0 1 0 0 0  --  2  --  6  --  1  --  2
1 0 0 1 0 0 0 0 0 0 1 1 1 0 1 0  --  1 1 1 0 1 1 1 0 1 1 0 0 0 0 0 0  --  2  --  6  --  2  --  2
0 0 0 0 0 1 1 0 0 0 1 1 1 0 1 0  --  0 0 0 0 0 1 1 0 0 0 1 0 1 0 0 0  --  2  --  6  --  0  --  2
1 1 1 1 0 1 1 0 0 0 1 1 1 0 1 0  --  1 0 0 0 1 1 1 0 1 0 1 0 0 0 0 0  --  2  --  6  --  0  --  2
0 0 0 0 1 0 0 1 0 0 1 1 1 0 1 0  --  0 0 0 0 1 1 1 0 0 0 1 0 0 0 0 0  --  2  --  6  --  0  --  2
1 1 1 1 1 0 0 1 0 0 1 1 1 0 1 0  --  1 0 0 0 0 1 1 0 1 0 1 0 1 0 0 0  --  2  --  6  --  0  --  2
0 1 1 0 1 1 1 1 0 0 1 1 1 0 1 0  --  0 1 1 0 1 1 1 0 0 1 0 0 0 0 0 0  --  2  --  6  --  1  --  2
1 0 0 1 1 1 1 1 0 0 1 1 1 0 1 0  --  1 1 1 0 0 1 1 0 1 1 0 0 1 0 0 0  --  2  --  6  --  1  --  2
0 1 1 0 1 1 0 0 1 1 1 1 1 0 1 0  --  0 1 1 0 1 1 0 0 1 1 1 0 1 0 0 0  --  2  --  6  --  0  --  2
1 0 0 1 1 1 0 0 1 1 1 1 1 0 1 0  --  1 1 1 0 0 1 0 0 0 1 1 0 0 0 0 0  --  2  --  6  --  0  --  2
1 1 0 0 0 1 1 0 1 1 1 1 1 0 1 0  --  1 0 1 0 1 1 0 0 0 0 1 0 1 0 0 0  --  2  --  6  --  0  --  2
0 0 1 1 0 1 1 0 1 1 1 1 1 0 1 0  --  0 0 1 0 0 1 0 0 1 0 1 0 0 0 0 0  --  2  --  6  --  1  --  2
1 1 0 0 1 0 0 1 1 1 1 1 1 0 1 0  --  1 0 1 0 0 1 0 0 0 0 1 0 0 0 0 0  --  2  --  6  --  0  --  2
0 0 1 1 1 0 0 1 1 1 1 1 1 0 1 0  --  0 0 1 0 1 1 0 0 1 0 1 0 1 0 0 0  --  2  --  6  --  1  --  2
0 1 1 0 0 0 1 1 1 1 1 1 1 0 1 0  --  0 1 1 0 0 1 0 0 1 1 1 0 0 0 0 0  --  2  --  6  --  1  --  2
1 0 0 1 0 0 1 1 1 1 1 1 1 0 1 0  --  1 1 1 0 1 1 0 0 0 1 1 0 1 0 0 0  --  2  --  6  --  1  --  2
1 0 1 0 1 1 0 0 0 0 0 0 0 1 1 0  --  1 1 0 0 0 1 1 0 1 1 0 0 0 0 0 0  --  2  --  6  --  0  --  2
0 1 0 1 1 1 0 0 0 0 0 0 0 1 1 0  --  0 1 0 0 1 1 1 0 0 1 0 0 1 0 0 0  --  2  --  6  --  1  --  2
1 1 0 0 1 0 1 0 0 0 0 0 0 1 1 0  --  1 0 1 0 0 1 1 0 1 0 1 0 0 0 0 0  --  2  --  6  --  0  --  2
0 0 1 1 1 0 1 0 0 0 0 0 0 1 1 0  --  0 0 1 0 1 1 1 0 0 0 1 0 1 0 0 0  --  2  --  6  --  1  --  2
1 1 0 0 0 1 0 1 0 0 0 0 0 1 1 0  --  1 0 1 0 1 1 1 0 1 0 1 0 1 0 0 0  --  2  --  6  --  1  --  2
0 0 1 1 0 1 0 1 0 0 0 0 0 1 1 0  --  0 0 1 0 0 1 1 0 0 0 1 0 0 0 0 0  --  2  --  6  --  0  --  2
1 0 1 0 0 0 1 1 0 0 0 0 0 1 1 0  --  1 1 0 0 1 1 1 0 1 1 0 0 1 0 0 0  --  2  --  6  --  1  --  2
0 1 0 1 0 0 1 1 0 0 0 0 0 1 1 0  --  0 1 0 0 0 1 1 0 0 1 0 0 0 0 0 0  --  2  --  6  --  0  --  2
1 0 1 0 0 0 0 0 1 1 0 0 0 1 1 0  --  1 1 0 0 1 1 0 0 0 1 1 0 0 0 0 0  --  2  --  6  --  0  --  2
0 1 0 1 0 0 0 0 1 1 0 0 0 1 1 0  --  0 1 0 0 0 1 0 0 1 1 1 0 1 0 0 0  --  2  --  6  --  1  --  2
0 0 0 0 1 0 1 0 1 1 0 0 0 1 1 0  --  0 0 0 0 1 1 0 0 1 0 1 0 0 0 0 0  --  2  --  6  --  1  --  2
1 1 1 1 1 0 1 0 1 1 0 0 0 1 1 0  --  1 0 0 0 0 1 0 0 0 0 1 0 1 0 0 0  --  2  --  6  --  0  --  2
0 0 0 0 0 1 0 1 1 1 0 0 0 1 1 0  --  0 0 0 0 0 1 0 0 1 0 1 0 1 0 0 0  --  2  --  6  --  0  --  2
1 1 1 1 0 1 0 1 1 1 0 0 0 1 1 0  --  1 0 0 0 1 1 0 0 0 0 1 0 0 0 0 0  --  2  --  6  --  0  --  2
1 0 1 0 1 1 1 1 1 1 0 0 0 1 1 0  --  1 1 0 0 0 1 0 0 0 1 1 0 1 0 0 0  --  2  --  6  --  0  --  2
0 1 0 1 1 1 1 1 1 1 0 0 0 1 1 0  --  0 1 0 0 1 1 0 0 1 1 1 0 0 0 0 0  --  2  --  6  --  1  --  2
1 1 0 0 0 0 0 0 1 0 1 0 0 1 1 0  --  1 0 1 0 1 0 1 0 0 1 1 0 0 0 0 0  --  2  --  6  --  0  --  2
0 0 1 1 0 0 0 0 1 0 1 0 0 1 1 0  --  0 0 1 0 0 0 1 0 1 1 1 0 1 0 0 0  --  2  --  6  --  1  --  2
0 0 0 0 1 1 0 0 1 0 1 0 0 1 1 0  --  0 0 0 0 1 0 1 0 1 1 0 0 0 0 0 0  --  2  --  6  --  1  --  2
1 1 1 1 1 1 0 0 1 0 1 0 0 1 1 0  --  1 0 0 0 0 0 1 0 0 1 0 0 1 0 0 0  --  2  --  6  --  0  --  2
0 0 0 0 0 0 1 1 1 0 1 0 0 1 1 0  --  0 0 0 0 0 0 1 0 1 1 0 0 1 0 0 0  --  2  --  6  --  0  --  2
1 1 1 1 0 0 1 1 1 0 1 0 0 1 1 0  --  1 0 0 0 1 0 1 0 0 1 0 0 0 0 0 0  --  2  --  6  --  0  --  2
1 1 0 0 1 1 1 1 1 0 1 0 0 1 1 0  --  1 0 1 0 0 0 1 0 0 1 1 0 1 0 0 0  --  2  --  6  --  0  --  2
0 0 1 1 1 1 1 1 1 0 1 0 0 1 1 0  --  0 0 1 0 1 0 1 0 1 1 1 0 0 0 0 0  --  2  --  6  --  1  --  2
1 1 0 0 0 0 0 0 0 1 0 1 0 1 1 0  --  1 0 1 0 1 0 1 0 1 1 1 0 1 0 0 0  --  2  --  6  --  1  --  2
0 0 1 1 0 0 0 0 0 1 0 1 0 1 1 0  --  0 0 1 0 0 0 1 0 0 1 1 0 0 0 0 0  --  2  --  6  --  0  --  2
0 0 0 0 1 1 0 0 0 1 0 1 0 1 1 0  --  0 0 0 0 1 0 1 0 0 1 0 0 1 0 0 0  --  2  --  6  --  0  --  2
1 1 1 1 1 1 0 0 0 1 0 1 0 1 1 0  --  1 0 0 0 0 0 1 0 1 1 0 0 0 0 0 0  --  2  --  6  --  0  --  2
0 0 0 0 0 0 1 1 0 1 0 1 0 1 1 0  --  0 0 0 0 0 0 1 0 0 1 0 0 0 0 0 0  --  2  --  6  --  0  --  2
1 1 1 1 0 0 1 1 0 1 0 1 0 1 1 0  --  1 0 0 0 1 0 1 0 1 1 0 0 1 0 0 0  --  2  --  6  --  2  --  2
1 1 0 0 1 1 1 1 0 1 0 1 0 1 1 0  --  1 0 1 0 0 0 1 0 1 1 1 0 0 0 0 0  --  2  --  6  --  2  --  2
0 0 1 1 1 1 1 1 0 1 0 1 0 1 1 0  --  0 0 1 0 1 0 1 0 0 1 1 0 1 0 0 0  --  2  --  6  --  0  --  2
1 0 1 0 0 0 0 0 0 0 1 1 0 1 1 0  --  1 1 0 0 1 1 0 0 1 1 1 0 1 0 0 0  --  2  --  6  --  1  --  2
0 1 0 1 0 0 0 0 0 0 1 1 0 1 1 0  --  0 1 0 0 0 1 0 0 0 1 1 0 0 0 0 0  --  2  --  6  --  0  --  2
0 0 0 0 1 0 1 0 0 0 1 1 0 1 1 0  --  0 0 0 0 1 1 0 0 0 0 1 0 1 0 0 0  --  2  --  6  --  0  --  2
1 1 1 1 1 0 1 0 0 0 1 1 0 1 1 0  --  1 0 0 0 0 1 0 0 1 0 1 0 0 0 0 0  --  2  --  6  --  0  --  2
0 0 0 0 0 1 0 1 0 0 1 1 0 1 1 0  --  0 0 0 0 0 1 0 0 0 0 1 0 0 0 0 0  --  2  --  6  --  0  --  2
1 1 1 1 0 1 0 1 0 0 1 1 0 1 1 0  --  1 0 0 0 1 1 0 0 1 0 1 0 1 0 0 0  --  2  --  6  --  2  --  2
1 0 1 0 1 1 1 1 0 0 1 1 0 1 1 0  --  1 1 0 0 0 1 0 0 1 1 1 0 0 0 0 0  --  2  --  6  --  2  --  2
0 1 0 1 1 1 1 1 0 0 1 1 0 1 1 0  --  0 1 0 0 1 1 0 0 0 1 1 0 1 0 0 0  --  2  --  6  --  0  --  2
1 0 1 0 1 1 0 0 1 1 1 1 0 1 1 0  --  1 1 0 0 0 1 1 0 0 1 0 0 1 0 0 0  --  2  --  6  --  0  --  2
0 1 0 1 1 1 0 0 1 1 1 1 0 1 1 0  --  0 1 0 0 1 1 1 0 1 1 0 0 0 0 0 0  --  2  --  6  --  1  --  2
1 1 0 0 1 0 1 0 1 1 1 1 0 1 1 0  --  1 0 1 0 0 1 1 0 0 0 1 0 1 0 0 0  --  2  --  6  --  0  --  2
0 0 1 1 1 0 1 0 1 1 1 1 0 1 1 0  --  0 0 1 0 1 1 1 0 1 0 1 0 0 0 0 0  --  2  --  6  --  1  --  2
1 1 0 0 0 1 0 1 1 1 1 1 0 1 1 0  --  1 0 1 0 1 1 1 0 0 0 1 0 0 0 0 0  --  2  --  6  --  2  --  2
0 0 1 1 0 1 0 1 1 1 1 1 0 1 1 0  --  0 0 1 0 0 1 1 0 1 0 1 0 1 0 0 0  --  2  --  6  --  0  --  2
1 0 1 0 0 0 1 1 1 1 1 1 0 1 1 0  --  1 1 0 0 1 1 1 0 0 1 0 0 0 0 0 0  --  2  --  6  --  2  --  2
0 1 0 1 0 0 1 1 1 1 1 1 0 1 1 0  --  0 1 0 0 0 1 1 0 1 1 0 0 1 0 0 0  --  2  --  6  --  0  --  2
0 0 0 1 1 0 0 0 1 0 0 0 1 1 1 0  --  0 0 0 1 1 1 1 0 1 1 1 0 1 0 0 0  --  2  --  6  --  1  --  2
0 0 1 0 0 1 0 0 1 0 0 0 1 1 1 0  --  0 0 1 1 0 1 1 0 1 1 0 0 0 0 0 0  --  2  --  6  --  1  --  2
0 1 0 0 0 0 1 0 1 0 0 0 1 1 1 0  --  0 1 0 1 0 1 1 0 1 0 1 0 0 0 0 0  --  2  --  6  --  1  --  2
0 1 1 1 1 1 1 0 1 0 0 0 1 1 1 0  --  0 1 1 1 1 1 1 0 1 0 0 0 1 0 0 0  --  2  --  6  --  0  --  2
1 0 0 0 0 0 0 1 1 0 0 0 1 1 1 0  --  1 1 1 1 1 1 1 0 0 0 0 0 1 0 0 0  --  2  --  6  --  1  --  2
1 0 1 1 1 1 0 1 1 0 0 0 1 1 1 0  --  1 1 0 1 0 1 1 0 0 0 1 0 0 0 0 0  --  2  --  6  --  0  --  2
1 1 0 1 1 0 1 1 1 0 0 0 1 1 1 0  --  1 0 1 1 0 1 1 0 0 1 0 0 0 0 0 0  --  2  --  6  --  0  --  2
1 1 1 0 0 1 1 1 1 0 0 0 1 1 1 0  --  1 0 0 1 1 1 1 0 0 1 1 0 1 0 0 0  --  2  --  6  --  0  --  2
0 0 1 0 1 0 0 0 0 1 0 0 1 1 1 0  --  0 0 1 1 1 1 0 0 0 1 1 0 0 0 0 0  --  2  --  6  --  1  --  2
0 0 0 1 0 1 0 0 0 1 0 0 1 1 1 0  --  0 0 0 1 0 1 0 0 0 1 0 0 1 0 0 0  --  2  --  6  --  0  --  2
1 0 0 0 0 0 1 0 0 1 0 0 1 1 1 0  --  1 1 1 1 1 1 0 0 1 0 1 0 0 0 0 0  --  2  --  6  --  2  --  2
1 0 1 1 1 1 1 0 0 1 0 0 1 1 1 0  --  1 1 0 1 0 1 0 0 1 0 0 0 1 0 0 0  --  2  --  6  --  0  --  2
0 1 0 0 0 0 0 1 0 1 0 0 1 1 1 0  --  0 1 0 1 0 1 0 0 0 0 0 0 1 0 0 0  --  2  --  6  --  0  --  2
0 1 1 1 1 1 0 1 0 1 0 0 1 1 1 0  --  0 1 1 1 1 1 0 0 0 0 1 0 0 0 0 0  --  2  --  6  --  1  --  2
1 1 1 0 1 0 1 1 0 1 0 0 1 1 1 0  --  1 0 0 1 0 1 0 0 1 1 0 0 1 0 0 0  --  2  --  6  --  0  --  2
1 1 0 1 0 1 1 1 0 1 0 0 1 1 1 0  --  1 0 1 1 1 1 0 0 1 1 1 0 0 0 0 0  --  2  --  6  --  1  --  2
0 1 0 0 1 0 0 0 0 0 1 0 1 1 1 0  --  0 1 0 1 1 0 1 0 0 1 1 0 0 0 0 0  --  2  --  6  --  1  --  2
1 0 0 0 0 1 0 0 0 0 1 0 1 1 1 0  --  1 1 1 1 1 0 1 0 1 1 0 0 0 0 0 0  --  2  --  6  --  2  --  2
0 0 0 1 0 0 1 0 0 0 1 0 1 1 1 0  --  0 0 0 1 0 0 1 0 0 0 1 0 1 0 0 0  --  2  --  6  --  0  --  2
1 1 0 1 1 1 1 0 0 0 1 0 1 1 1 0  --  1 0 1 1 0 0 1 0 1 0 0 0 1 0 0 0  --  2  --  6  --  0  --  2
0 0 1 0 0 0 0 1 0 0 1 0 1 1 1 0  --  0 0 1 1 0 0 1 0 0 0 0 0 1 0 0 0  --  2  --  6  --  0  --  2
1 1 1 0 1 1 0 1 0 0 1 0 1 1 1 0  --  1 0 0 1 0 0 1 0 1 0 1 0 1 0 0 0  --  2  --  6  --  0  --  2
0 1 1 1 1 0 1 1 0 0 1 0 1 1 1 0  --  0 1 1 1 1 0 1 0 0 1 0 0 0 0 0 0  --  2  --  6  --  1  --  2
1 0 1 1 0 1 1 1 0 0 1 0 1 1 1 0  --  1 1 0 1 1 0 1 0 1 1 1 0 0 0 0 0  --  2  --  6  --  1  --  2
0 1 1 1 1 0 0 0 1 1 1 0 1 1 1 0  --  0 1 1 1 1 0 0 0 1 1 1 0 1 0 0 0  --  2  --  6  --  0  --  2
1 0 1 1 0 1 0 0 1 1 1 0 1 1 1 0  --  1 1 0 1 1 0 0 0 0 1 0 0 1 0 0 0  --  2  --  6  --  0  --  2
1 1 0 1 0 0 1 0 1 1 1 0 1 1 1 0  --  1 0 1 1 1 0 0 0 0 0 1 0 1 0 0 0  --  2  --  6  --  0  --  2
0 0 0 1 1 1 1 0 1 1 1 0 1 1 1 0  --  0 0 0 1 1 0 0 0 1 0 0 0 1 0 0 0  --  2  --  6  --  1  --  2
1 1 1 0 0 0 0 1 1 1 1 0 1 1 1 0  --  1 0 0 1 1 0 0 0 0 0 0 0 1 0 0 0  --  2  --  6  --  0  --  2
0 0 1 0 1 1 0 1 1 1 1 0 1 1 1 0  --  0 0 1 1 1 0 0 0 1 0 1 0 1 0 0 0  --  2  --  6  --  1  --  2
0 1 0 0 1 0 1 1 1 1 1 0 1 1 1 0  --  0 1 0 1 1 0 0 0 1 1 0 0 1 0 0 0  --  2  --  6  --  1  --  2
1 0 0 0 0 1 1 1 1 1 1 0 1 1 1 0  --  1 1 1 1 1 0 0 0 0 1 1 0 1 0 0 0  --  2  --  6  --  1  --  2
1 0 0 0 1 0 0 0 0 0 0 1 1 1 1 0  --  1 1 1 1 0 0 0 0 1 1 1 0 1 0 0 0  --  2  --  6  --  1  --  2
0 1 0 0 0 1 0 0 0 0 0 1 1 1 1 0  --  0 1 0 1 0 0 0 0 0 1 0 0 1 0 0 0  --  2  --  6  --  0  --  2
0 0 1 0 0 0 1 0 0 0 0 1 1 1 1 0  --  0 0 1 1 0 0 0 0 0 0 1 0 1 0 0 0  --  2  --  6  --  0  --  2
1 1 1 0 1 1 1 0 0 0 0 1 1 1 1 0  --  1 0 0 1 0 0 0 0 1 0 0 0 1 0 0 0  --  2  --  6  --  0  --  2
0 0 0 1 0 0 0 1 0 0 0 1 1 1 1 0  --  0 0 0 1 0 0 0 0 0 0 0 0 1 0 0 0  --  2  --  6  --  0  --  2
1 1 0 1 1 1 0 1 0 0 0 1 1 1 1 0  --  1 0 1 1 0 0 0 0 1 0 1 0 1 0 0 0  --  2  --  6  --  2  --  2
1 0 1 1 1 0 1 1 0 0 0 1 1 1 1 0  --  1 1 0 1 0 0 0 0 1 1 0 0 1 0 0 0  --  2  --  6  --  2  --  2
0 1 1 1 0 1 1 1 0 0 0 1 1 1 1 0  --  0 1 1 1 0 0 0 0 0 1 1 0 1 0 0 0  --  2  --  6  --  0  --  2
1 0 1 1 1 0 0 0 1 1 0 1 1 1 1 0  --  1 1 0 1 0 0 1 0 0 1 1 0 0 0 0 0  --  2  --  6  --  0  --  2
0 1 1 1 0 1 0 0 1 1 0 1 1 1 1 0  --  0 1 1 1 0 0 1 0 1 1 0 0 0 0 0 0  --  2  --  6  --  1  --  2
1 1 1 0 0 0 1 0 1 1 0 1 1 1 1 0  --  1 0 0 1 1 0 1 0 0 0 1 0 1 0 0 0  --  2  --  6  --  0  --  2
0 0 1 0 1 1 1 0 1 1 0 1 1 1 1 0  --  0 0 1 1 1 0 1 0 1 0 0 0 1 0 0 0  --  2  --  6  --  1  --  2
1 1 0 1 0 0 0 1 1 1 0 1 1 1 1 0  --  1 0 1 1 1 0 1 0 0 0 0 0 1 0 0 0  --  2  --  6  --  2  --  2
0 0 0 1 1 1 0 1 1 1 0 1 1 1 1 0  --  0 0 0 1 1 0 1 0 1 0 1 0 1 0 0 0  --  2  --  6  --  0  --  2
1 0 0 0 1 0 1 1 1 1 0 1 1 1 1 0  --  1 1 1 1 0 0 1 0 0 1 0 0 0 0 0 0  --  2  --  6  --  2  --  2
0 1 0 0 0 1 1 1 1 1 0 1 1 1 1 0  --  0 1 0 1 0 0 1 0 1 1 1 0 0 0 0 0  --  2  --  6  --  0  --  2
1 1 0 1 1 0 0 0 1 0 1 1 1 1 1 0  --  1 0 1 1 0 1 0 0 0 1 1 0 0 0 0 0  --  2  --  6  --  0  --  2
1 1 1 0 0 1 0 0 1 0 1 1 1 1 1 0  --  1 0 0 1 1 1 0 0 0 1 0 0 1 0 0 0  --  2  --  6  --  0  --  2
0 1 1 1 0 0 1 0 1 0 1 1 1 1 1 0  --  0 1 1 1 0 1 0 0 1 0 1 0 0 0 0 0  --  2  --  6  --  1  --  2
0 1 0 0 1 1 1 0 1 0 1 1 1 1 1 0  --  0 1 0 1 1 1 0 0 1 0 0 0 1 0 0 0  --  2  --  6  --  1  --  2
1 0 1 1 0 0 0 1 1 0 1 1 1 1 1 0  --  1 1 0 1 1 1 0 0 0 0 0 0 1 0 0 0  --  2  --  6  --  2  --  2
1 0 0 0 1 1 0 1 1 0 1 1 1 1 1 0  --  1 1 1 1 0 1 0 0 0 0 1 0 0 0 0 0  --  2  --  6  --  2  --  2
0 0 0 1 1 0 1 1 1 0 1 1 1 1 1 0  --  0 0 0 1 1 1 0 0 1 1 0 0 1 0 0 0  --  2  --  6  --  0  --  2
0 0 1 0 0 1 1 1 1 0 1 1 1 1 1 0  --  0 0 1 1 0 1 0 0 1 1 1 0 0 0 0 0  --  2  --  6  --  0  --  2
1 1 1 0 1 0 0 0 0 1 1 1 1 1 1 0  --  1 0 0 1 0 1 1 0 1 1 1 0 1 0 0 0  --  2  --  6  --  0  --  2
1 1 0 1 0 1 0 0 0 1 1 1 1 1 1 0  --  1 0 1 1 1 1 1 0 1 1 0 0 0 0 0 0  --  2  --  6  --  1  --  2
1 0 1 1 0 0 1 0 0 1 1 1 1 1 1 0  --  1 1 0 1 1 1 1 0 1 0 1 0 0 0 0 0  --  2  --  6  --  1  --  2
1 0 0 0 1 1 1 0 0 1 1 1 1 1 1 0  --  1 1 1 1 0 1 1 0 1 0 0 0 1 0 0 0  --  2  --  6  --  1  --  2
0 1 1 1 0 0 0 1 0 1 1 1 1 1 1 0  --  0 1 1 1 0 1 1 0 0 0 0 0 1 0 0 0  --  2  --  6  --  0  --  2
0 1 0 0 1 1 0 1 0 1 1 1 1 1 1 0  --  0 1 0 1 1 1 1 0 0 0 1 0 0 0 0 0  --  2  --  6  --  0  --  2
0 0 1 0 1 0 1 1 0 1 1 1 1 1 1 0  --  0 0 1 1 1 1 1 0 0 1 0 0 0 0 0 0  --  2  --  6  --  0  --  2
0 0 0 1 0 1 1 1 0 1 1 1 1 1 1 0  --  0 0 0 1 0 1 1 0 0 1 1 0 1 0 0 0  --  2  --  6  --  0  --  2
1 1 1 0 1 0 0 0 1 0 0 0 0 0 0 1  --  1 0 0 1 0 1 1 0 0 1 1 0 1 0 0 0  --  2  --  6  --  0  --  2
1 1 0 1 0 1 0 0 1 0 0 0 0 0 0 1  --  1 0 1 1 1 1 1 0 0 1 0 0 0 0 0 0  --  2  --  6  --  0  --  2
1 0 1 1 0 0 1 0 1 0 0 0 0 0 0 1  --  1 1 0 1 1 1 1 0 0 0 1 0 0 0 0 0  --  2  --  6  --  0  --  2
1 0 0 0 1 1 1 0 1 0 0 0 0 0 0 1  --  1 1 1 1 0 1 1 0 0 0 0 0 1 0 0 0  --  2  --  6  --  0  --  2
0 1 1 1 0 0 0 1 1 0 0 0 0 0 0 1  --  0 1 1 1 0 1 1 0 1 0 0 0 1 0 0 0  --  2  --  6  --  1  --  2
0 1 0 0 1 1 0 1 1 0 0 0 0 0 0 1  --  0 1 0 1 1 1 1 0 1 0 1 0 0 0 0 0  --  2  --  6  --  1  --  2
0 0 1 0 1 0 1 1 1 0 0 0 0 0 0 1  --  0 0 1 1 1 1 1 0 1 1 0 0 0 0 0 0  --  2  --  6  --  1  --  2
0 0 0 1 0 1 1 1 1 0 0 0 0 0 0 1  --  0 0 0 1 0 1 1 0 1 1 1 0 1 0 0 0  --  2  --  6  --  0  --  2
1 1 0 1 1 0 0 0 0 1 0 0 0 0 0 1  --  1 0 1 1 0 1 0 0 1 1 1 0 0 0 0 0  --  2  --  6  --  0  --  2
1 1 1 0 0 1 0 0 0 1 0 0 0 0 0 1  --  1 0 0 1 1 1 0 0 1 1 0 0 1 0 0 0  --  2  --  6  --  0  --  2
0 1 1 1 0 0 1 0 0 1 0 0 0 0 0 1  --  0 1 1 1 0 1 0 0 0 0 1 0 0 0 0 0  --  2  --  6  --  2  --  2
0 1 0 0 1 1 1 0 0 1 0 0 0 0 0 1  --  0 1 0 1 1 1 0 0 0 0 0 0 1 0 0 0  --  2  --  6  --  2  --  2
1 0 1 1 0 0 0 1 0 1 0 0 0 0 0 1  --  1 1 0 1 1 1 0 0 1 0 0 0 1 0 0 0  --  2  --  6  --  1  --  2
1 0 0 0 1 1 0 1 0 1 0 0 0 0 0 1  --  1 1 1 1 0 1 0 0 1 0 1 0 0 0 0 0  --  2  --  6  --  1  --  2
0 0 0 1 1 0 1 1 0 1 0 0 0 0 0 1  --  0 0 0 1 1 1 0 0 0 1 0 0 1 0 0 0  --  2  --  6  --  0  --  2
0 0 1 0 0 1 1 1 0 1 0 0 0 0 0 1  --  0 0 1 1 0 1 0 0 0 1 1 0 0 0 0 0  --  2  --  6  --  0  --  2
1 0 1 1 1 0 0 0 0 0 1 0 0 0 0 1  --  1 1 0 1 0 0 1 0 1 1 1 0 0 0 0 0  --  2  --  6  --  0  --  2
0 1 1 1 0 1 0 0 0 0 1 0 0 0 0 1  --  0 1 1 1 0 0 1 0 0 1 0 0 0 0 0 0  --  2  --  6  --  2  --  2
1 1 1 0 0 0 1 0 0 0 1 0 0 0 0 1  --  1 0 0 1 1 0 1 0 1 0 1 0 1 0 0 0  --  2  --  6  --  0  --  2
0 0 1 0 1 1 1 0 0 0 1 0 0 0 0 1  --  0 0 1 1 1 0 1 0 0 0 0 0 1 0 0 0  --  2  --  6  --  2  --  2
1 1 0 1 0 0 0 1 0 0 1 0 0 0 0 1  --  1 0 1 1 1 0 1 0 1 0 0 0 1 0 0 0  --  2  --  6  --  1  --  2
0 0 0 1 1 1 0 1 0 0 1 0 0 0 0 1  --  0 0 0 1 1 0 1 0 0 0 1 0 1 0 0 0  --  2  --  6  --  0  --  2
1 0 0 0 1 0 1 1 0 0 1 0 0 0 0 1  --  1 1 1 1 0 0 1 0 1 1 0 0 0 0 0 0  --  2  --  6  --  1  --  2
0 1 0 0 0 1 1 1 0 0 1 0 0 0 0 1  --  0 1 0 1 0 0 1 0 0 1 1 0 0 0 0 0  --  2  --  6  --  0  --  2
1 0 0 0 1 0 0 0 1 1 1 0 0 0 0 1  --  1 1 1 1 0 0 0 0 0 1 1 0 1 0 0 0  --  2  --  6  --  0  --  2
0 1 0 0 0 1 0 0 1 1 1 0 0 0 0 1  --  0 1 0 1 0 0 0 0 1 1 0 0 1 0 0 0  --  2  --  6  --  2  --  2
0 0 1 0 0 0 1 0 1 1 1 0 0 0 0 1  --  0 0 1 1 0 0 0 0 1 0 1 0 1 0 0 0  --  2  --  6  --  2  --  2
1 1 1 0 1 1 1 0 1 1 1 0 0 0 0 1  --  1 0 0 1 0 0 0 0 0 0 0 0 1 0 0 0  --  2  --  6  --  0  --  2
0 0 0 1 0 0 0 1 1 1 1 0 0 0 0 1  --  0 0 0 1 0 0 0 0 1 0 0 0 1 0 0 0  --  2  --  6  --  0  --  2
1 1 0 1 1 1 0 1 1 1 1 0 0 0 0 1  --  1 0 1 1 0 0 0 0 0 0 1 0 1 0 0 0  --  2  --  6  --  0  --  2
1 0 1 1 1 0 1 1 1 1 1 0 0 0 0 1  --  1 1 0 1 0 0 0 0 0 1 0 0 1 0 0 0  --  2  --  6  --  0  --  2
0 1 1 1 0 1 1 1 1 1 1 0 0 0 0 1  --  0 1 1 1 0 0 0 0 1 1 1 0 1 0 0 0  --  2  --  6  --  1  --  2
0 1 1 1 1 0 0 0 0 0 0 1 0 0 0 1  --  0 1 1 1 1 0 0 0 0 1 1 0 1 0 0 0  --  2  --  6  --  1  --  2
1 0 1 1 0 1 0 0 0 0 0 1 0 0 0 1  --  1 1 0 1 1 0 0 0 1 1 0 0 1 0 0 0  --  2  --  6  --  1  --  2
1 1 0 1 0 0 1 0 0 0 0 1 0 0 0 1  --  1 0 1 1 1 0 0 0 1 0 1 0 1 0 0 0  --  2  --  6  --  1  --  2
0 0 0 1 1 1 1 0 0 0 0 1 0 0 0 1  --  0 0 0 1 1 0 0 0 0 0 0 0 1 0 0 0  --  2  --  6  --  0  --  2
1 1 1 0 0 0 0 1 0 0 0 1 0 0 0 1  --  1 0 0 1 1 0 0 0 1 0 0 0 1 0 0 0  --  2  --  6  --  1  --  2
0 0 1 0 1 1 0 1 0 0 0 1 0 0 0 1  --  0 0 1 1 1 0 0 0 0 0 1 0 1 0 0 0  --  2  --  6  --  0  --  2
0 1 0 0 1 0 1 1 0 0 0 1 0 0 0 1  --  0 1 0 1 1 0 0 0 0 1 0 0 1 0 0 0  --  2  --  6  --  0  --  2
1 0 0 0 0 1 1 1 0 0 0 1 0 0 0 1  --  1 1 1 1 1 0 0 0 1 1 1 0 1 0 0 0  --  2  --  6  --  0  --  2
0 1 0 0 1 0 0 0 1 1 0 1 0 0 0 1  --  0 1 0 1 1 0 1 0 1 1 1 0 0 0 0 0  --  2  --  6  --  1  --  2
1 0 0 0 0 1 0 0 1 1 0 1 0 0 0 1  --  1 1 1 1 1 0 1 0 0 1 0 0 0 0 0 0  --  2  --  6  --  1  --  2
0 0 0 1 0 0 1 0 1 1 0 1 0 0 0 1  --  0 0 0 1 0 0 1 0 1 0 1 0 1 0 0 0  --  2  --  6  --  0  --  2
1 1 0 1 1 1 1 0 1 1 0 1 0 0 0 1  --  1 0 1 1 0 0 1 0 0 0 0 0 1 0 0 0  --  2  --  6  --  0  --  2
0 0 1 0 0 0 0 1 1 1 0 1 0 0 0 1  --  0 0 1 1 0 0 1 0 1 0 0 0 1 0 0 0  --  2  --  6  --  0  --  2
1 1 1 0 1 1 0 1 1 1 0 1 0 0 0 1  --  1 0 0 1 0 0 1 0 0 0 1 0 1 0 0 0  --  2  --  6  --  0  --  2
0 1 1 1 1 0 1 1 1 1 0 1 0 0 0 1  --  0 1 1 1 1 0 1 0 1 1 0 0 0 0 0 0  --  2  --  6  --  2  --  2
1 0 1 1 0 1 1 1 1 1 0 1 0 0 0 1  --  1 1 0 1 1 0 1 0 0 1 1 0 0 0 0 0  --  2  --  6  --  1  --  2
0 0 1 0 1 0 0 0 1 0 1 1 0 0 0 1  --  0 0 1 1 1 1 0 0 1 1 1 0 0 0 0 0  --  2  --  6  --  1  --  2
0 0 0 1 0 1 0 0 1 0 1 1 0 0 0 1  --  0 0 0 1 0 1 0 0 1 1 0 0 1 0 0 0  --  2  --  6  --  0  --  2
1 0 0 0 0 0 1 0 1 0 1 1 0 0 0 1  --  1 1 1 1 1 1 0 0 0 0 1 0 0 0 0 0  --  2  --  6  --  1  --  2
1 0 1 1 1 1 1 0 1 0 1 1 0 0 0 1  --  1 1 0 1 0 1 0 0 0 0 0 0 1 0 0 0  --  2  --  6  --  0  --  2
0 1 0 0 0 0 0 1 1 0 1 1 0 0 0 1  --  0 1 0 1 0 1 0 0 1 0 0 0 1 0 0 0  --  2  --  6  --  0  --  2
0 1 1 1 1 1 0 1 1 0 1 1 0 0 0 1  --  0 1 1 1 1 1 0 0 1 0 1 0 0 0 0 0  --  2  --  6  --  2  --  2
1 1 1 0 1 0 1 1 1 0 1 1 0 0 0 1  --  1 0 0 1 0 1 0 0 0 1 0 0 1 0 0 0  --  2  --  6  --  0  --  2
1 1 0 1 0 1 1 1 1 0 1 1 0 0 0 1  --  1 0 1 1 1 1 0 0 0 1 1 0 0 0 0 0  --  2  --  6  --  1  --  2
0 0 0 1 1 0 0 0 0 1 1 1 0 0 0 1  --  0 0 0 1 1 1 1 0 0 1 1 0 1 0 0 0  --  2  --  6  --  0  --  2
0 0 1 0 0 1 0 0 0 1 1 1 0 0 0 1  --  0 0 1 1 0 1 1 0 0 1 0 0 0 0 0 0  --  2  --  6  --  0  --  2
0 1 0 0 0 0 1 0 0 1 1 1 0 0 0 1  --  0 1 0 1 0 1 1 0 0 0 1 0 0 0 0 0  --  2  --  6  --  0  --  2
0 1 1 1 1 1 1 0 0 1 1 1 0 0 0 1  --  0 1 1 1 1 1 1 0 0 0 0 0 1 0 0 0  --  2  --  6  --  1  --  2
1 0 0 0 0 0 0 1 0 1 1 1 0 0 0 1  --  1 1 1 1 1 1 1 0 1 0 0 0 1 0 0 0  --  2  --  6  --  0  --  2
1 0 1 1 1 1 0 1 0 1 1 1 0 0 0 1  --  1 1 0 1 0 1 1 0 1 0 1 0 0 0 0 0  --  2  --  6  --  1  --  2
1 1 0 1 1 0 1 1 0 1 1 1 0 0 0 1  --  1 0 1 1 0 1 1 0 1 1 0 0 0 0 0 0  --  2  --  6  --  1  --  2
1 1 1 0 0 1 1 1 0 1 1 1 0 0 0 1  --  1 0 0 1 1 1 1 0 1 1 1 0 1 0 0 0  --  2  --  6  --  1  --  2
1 0 1 0 1 1 0 0 0 0 0 0 1 0 0 1  --  1 1 0 0 0 1 1 0 1 1 0 0 1 0 0 0  --  2  --  6  --  0  --  2
0 1 0 1 1 1 0 0 0 0 0 0 1 0 0 1  --  0 1 0 0 1 1 1 0 0 1 0 0 0 0 0 0  --  2  --  6  --  2  --  2
1 1 0 0 1 0 1 0 0 0 0 0 1 0 0 1  --  1 0 1 0 0 1 1 0 1 0 1 0 1 0 0 0  --  2  --  6  --  0  --  2
0 0 1 1 1 0 1 0 0 0 0 0 1 0 0 1  --  0 0 1 0 1 1 1 0 0 0 1 0 0 0 0 0  --  2  --  6  --  2  --  2
1 1 0 0 0 1 0 1 0 0 0 0 1 0 0 1  --  1 0 1 0 1 1 1 0 1 0 1 0 0 0 0 0  --  2  --  6  --  1  --  2
0 0 1 1 0 1 0 1 0 0 0 0 1 0 0 1  --  0 0 1 0 0 1 1 0 0 0 1 0 1 0 0 0  --  2  --  6  --  0  --  2
1 0 1 0 0 0 1 1 0 0 0 0 1 0 0 1  --  1 1 0 0 1 1 1 0 1 1 0 0 0 0 0 0  --  2  --  6  --  1  --  2
0 1 0 1 0 0 1 1 0 0 0 0 1 0 0 1  --  0 1 0 0 0 1 1 0 0 1 0 0 1 0 0 0  --  2  --  6  --  0  --  2
1 0 1 0 0 0 0 0 1 1 0 0 1 0 0 1  --  1 1 0 0 1 1 0 0 0 1 1 0 1 0 0 0  --  2  --  6  --  0  --  2
0 1 0 1 0 0 0 0 1 1 0 0 1 0 0 1  --  0 1 0 0 0 1 0 0 1 1 1 0 0 0 0 0  --  2  --  6  --  2  --  2
0 0 0 0 1 0 1 0 1 1 0 0 1 0 0 1  --  0 0 0 0 1 1 0 0 1 0 1 0 1 0 0 0  --  2  --  6  --  2  --  2
1 1 1 1 1 0 1 0 1 1 0 0 1 0 0 1  --  1 0 0 0 0 1 0 0 0 0 1 0 0 0 0 0  --  2  --  6  --  0  --  2
0 0 0 0 0 1 0 1 1 1 0 0 1 0 0 1  --  0 0 0 0 0 1 0 0 1 0 1 0 0 0 0 0  --  2  --  6  --  0  --  2
1 1 1 1 0 1 0 1 1 1 0 0 1 0 0 1  --  1 0 0 0 1 1 0 0 0 0 1 0 1 0 0 0  --  2  --  6  --  0  --  2
1 0 1 0 1 1 1 1 1 1 0 0 1 0 0 1  --  1 1 0 0 0 1 0 0 0 1 1 0 0 0 0 0  --  2  --  6  --  0  --  2
0 1 0 1 1 1 1 1 1 1 0 0 1 0 0 1  --  0 1 0 0 1 1 0 0 1 1 1 0 1 0 0 0  --  2  --  6  --  1  --  2
1 1 0 0 0 0 0 0 1 0 1 0 1 0 0 1  --  1 0 1 0 1 0 1 0 0 1 1 0 1 0 0 0  --  2  --  6  --  0  --  2
0 0 1 1 0 0 0 0 1 0 1 0 1 0 0 1  --  0 0 1 0 0 0 1 0 1 1 1 0 0 0 0 0  --  2  --  6  --  2  --  2
0 0 0 0 1 1 0 0 1 0 1 0 1 0 0 1  --  0 0 0 0 1 0 1 0 1 1 0 0 1 0 0 0  --  2  --  6  --  2  --  2
1 1 1 1 1 1 0 0 1 0 1 0 1 0 0 1  --  1 0 0 0 0 0 1 0 0 1 0 0 0 0 0 0  --  2  --  6  --  0  --  2
0 0 0 0 0 0 1 1 1 0 1 0 1 0 0 1  --  0 0 0 0 0 0 1 0 1 1 0 0 0 0 0 0  --  2  --  6  --  0  --  2
1 1 1 1 0 0 1 1 1 0 1 0 1 0 0 1  --  1 0 0 0 1 0 1 0 0 1 0 0 1 0 0 0  --  2  --  6  --  0  --  2
1 1 0 0 1 1 1 1 1 0 1 0 1 0 0 1  --  1 0 1 0 0 0 1 0 0 1 1 0 0 0 0 0  --  2  --  6  --  0  --  2
0 0 1 1 1 1 1 1 1 0 1 0 1 0 0 1  --  0 0 1 0 1 0 1 0 1 1 1 0 1 0 0 0  --  2  --  6  --  1  --  2
1 1 0 0 0 0 0 0 0 1 0 1 1 0 0 1  --  1 0 1 0 1 0 1 0 1 1 1 0 0 0 0 0  --  2  --  6  --  1  --  2
0 0 1 1 0 0 0 0 0 1 0 1 1 0 0 1  --  0 0 1 0 0 0 1 0 0 1 1 0 1 0 0 0  --  2  --  6  --  0  --  2
0 0 0 0 1 1 0 0 0 1 0 1 1 0 0 1  --  0 0 0 0 1 0 1 0 0 1 0 0 0 0 0 0  --  2  --  6  --  0  --  2
1 1 1 1 1 1 0 0 0 1 0 1 1 0 0 1  --  1 0 0 0 0 0 1 0 1 1 0 0 1 0 0 0  --  2  --  6  --  0  --  2
0 0 0 0 0 0 1 1 0 1 0 1 1 0 0 1  --  0 0 0 0 0 0 1 0 0 1 0 0 1 0 0 0  --  2  --  6  --  0  --  2
1 1 1 1 0 0 1 1 0 1 0 1 1 0 0 1  --  1 0 0 0 1 0 1 0 1 1 0 0 0 0 0 0  --  2  --  6  --  1  --  2
1 1 0 0 1 1 1 1 0 1 0 1 1 0 0 1  --  1 0 1 0 0 0 1 0 1 1 1 0 1 0 0 0  --  2  --  6  --  1  --  2
0 0 1 1 1 1 1 1 0 1 0 1 1 0 0 1  --  0 0 1 0 1 0 1 0 0 1 1 0 0 0 0 0  --  2  --  6  --  0  --  2
1 0 1 0 0 0 0 0 0 0 1 1 1 0 0 1  --  1 1 0 0 1 1 0 0 1 1 1 0 0 0 0 0  --  2  --  6  --  1  --  2
0 1 0 1 0 0 0 0 0 0 1 1 1 0 0 1  --  0 1 0 0 0 1 0 0 0 1 1 0 1 0 0 0  --  2  --  6  --  0  --  2
0 0 0 0 1 0 1 0 0 0 1 1 1 0 0 1  --  0 0 0 0 1 1 0 0 0 0 1 0 0 0 0 0  --  2  --  6  --  0  --  2
1 1 1 1 1 0 1 0 0 0 1 1 1 0 0 1  --  1 0 0 0 0 1 0 0 1 0 1 0 1 0 0 0  --  2  --  6  --  0  --  2
0 0 0 0 0 1 0 1 0 0 1 1 1 0 0 1  --  0 0 0 0 0 1 0 0 0 0 1 0 1 0 0 0  --  2  --  6  --  0  --  2
1 1 1 1 0 1 0 1 0 0 1 1 1 0 0 1  --  1 0 0 0 1 1 0 0 1 0 1 0 0 0 0 0  --  2  --  6  --  1  --  2
1 0 1 0 1 1 1 1 0 0 1 1 1 0 0 1  --  1 1 0 0 0 1 0 0 1 1 1 0 1 0 0 0  --  2  --  6  --  1  --  2
0 1 0 1 1 1 1 1 0 0 1 1 1 0 0 1  --  0 1 0 0 1 1 0 0 0 1 1 0 0 0 0 0  --  2  --  6  --  0  --  2
1 0 1 0 1 1 0 0 1 1 1 1 1 0 0 1  --  1 1 0 0 0 1 1 0 0 1 0 0 0 0 0 0  --  2  --  6  --  0  --  2
0 1 0 1 1 1 0 0 1 1 1 1 1 0 0 1  --  0 1 0 0 1 1 1 0 1 1 0 0 1 0 0 0  --  2  --  6  --  1  --  2
1 1 0 0 1 0 1 0 1 1 1 1 1 0 0 1  --  1 0 1 0 0 1 1 0 0 0 1 0 0 0 0 0  --  2  --  6  --  0  --  2
0 0 1 1 1 0 1 0 1 1 1 1 1 0 0 1  --  0 0 1 0 1 1 1 0 1 0 1 0 1 0 0 0  --  2  --  6  --  1  --  2
1 1 0 0 0 1 0 1 1 1 1 1 1 0 0 1  --  1 0 1 0 1 1 1 0 0 0 1 0 1 0 0 0  --  2  --  6  --  1  --  2
0 0 1 1 0 1 0 1 1 1 1 1 1 0 0 1  --  0 0 1 0 0 1 1 0 1 0 1 0 0 0 0 0  --  2  --  6  --  0  --  2
1 0 1 0 0 0 1 1 1 1 1 1 1 0 0 1  --  1 1 0 0 1 1 1 0 0 1 0 0 1 0 0 0  --  2  --  6  --  1  --  2
0 1 0 1 0 0 1 1 1 1 1 1 1 0 0 1  --  0 1 0 0 0 1 1 0 1 1 0 0 0 0 0 0  --  2  --  6  --  0  --  2
0 1 1 0 1 1 0 0 0 0 0 0 0 1 0 1  --  0 1 1 0 1 1 0 0 0 1 1 0 1 0 0 0  --  2  --  6  --  1  --  2
1 0 0 1 1 1 0 0 0 0 0 0 0 1 0 1  --  1 1 1 0 0 1 0 0 1 1 1 0 0 0 0 0  --  2  --  6  --  1  --  2
1 1 0 0 0 1 1 0 0 0 0 0 0 1 0 1  --  1 0 1 0 1 1 0 0 1 0 1 0 1 0 0 0  --  2  --  6  --  1  --  2
0 0 1 1 0 1 1 0 0 0 0 0 0 1 0 1  --  0 0 1 0 0 1 0 0 0 0 1 0 0 0 0 0  --  2  --  6  --  0  --  2
1 1 0 0 1 0 0 1 0 0 0 0 0 1 0 1  --  1 0 1 0 0 1 0 0 1 0 1 0 0 0 0 0  --  2  --  6  --  1  --  2
0 0 1 1 1 0 0 1 0 0 0 0 0 1 0 1  --  0 0 1 0 1 1 0 0 0 0 1 0 1 0 0 0  --  2  --  6  --  0  --  2
0 1 1 0 0 0 1 1 0 0 0 0 0 1 0 1  --  0 1 1 0 0 1 0 0 0 1 1 0 0 0 0 0  --  2  --  6  --  0  --  2
1 0 0 1 0 0 1 1 0 0 0 0 0 1 0 1  --  1 1 1 0 1 1 0 0 1 1 1 0 1 0 0 0  --  2  --  6  --  0  --  2
0 1 1 0 0 0 0 0 1 1 0 0 0 1 0 1  --  0 1 1 0 0 1 1 0 1 1 0 0 1 0 0 0  --  2  --  6  --  1  --  2
1 0 0 1 0 0 0 0 1 1 0 0 0 1 0 1  --  1 1 1 0 1 1 1 0 0 1 0 0 0 0 0 0  --  2  --  6  --  1  --  2
0 0 0 0 0 1 1 0 1 1 0 0 0 1 0 1  --  0 0 0 0 0 1 1 0 1 0 1 0 1 0 0 0  --  2  --  6  --  0  --  2
1 1 1 1 0 1 1 0 1 1 0 0 0 1 0 1  --  1 0 0 0 1 1 1 0 0 0 1 0 0 0 0 0  --  2  --  6  --  0  --  2
0 0 0 0 1 0 0 1 1 1 0 0 0 1 0 1  --  0 0 0 0 1 1 1 0 1 0 1 0 0 0 0 0  --  2  --  6  --  0  --  2
1 1 1 1 1 0 0 1 1 1 0 0 0 1 0 1  --  1 0 0 0 0 1 1 0 0 0 1 0 1 0 0 0  --  2  --  6  --  0  --  2
0 1 1 0 1 1 1 1 1 1 0 0 0 1 0 1  --  0 1 1 0 1 1 1 0 1 1 0 0 0 0 0 0  --  2  --  6  --  2  --  2
1 0 0 1 1 1 1 1 1 1 0 0 0 1 0 1  --  1 1 1 0 0 1 1 0 0 1 0 0 1 0 0 0  --  2  --  6  --  1  --  2
1 1 0 0 0 0 0 0 0 1 1 0 0 1 0 1  --  1 0 1 0 1 0 1 0 1 1 0 0 1 0 0 0  --  2  --  6  --  1  --  2
0 0 1 1 0 0 0 0 0 1 1 0 0 1 0 1  --  0 0 1 0 0 0 1 0 0 1 0 0 0 0 0 0  --  2  --  6  --  0  --  2
0 0 0 0 1 1 0 0 0 1 1 0 0 1 0 1  --  0 0 0 0 1 0 1 0 0 1 1 0 1 0 0 0  --  2  --  6  --  0  --  2
1 1 1 1 1 1 0 0 0 1 1 0 0 1 0 1  --  1 0 0 0 0 0 1 0 1 1 1 0 0 0 0 0  --  2  --  6  --  0  --  2
0 0 0 0 0 0 1 1 0 1 1 0 0 1 0 1  --  0 0 0 0 0 0 1 0 0 1 1 0 0 0 0 0  --  2  --  6  --  0  --  2
1 1 1 1 0 0 1 1 0 1 1 0 0 1 0 1  --  1 0 0 0 1 0 1 0 1 1 1 0 1 0 0 0  --  2  --  6  --  1  --  2
1 1 0 0 1 1 1 1 0 1 1 0 0 1 0 1  --  1 0 1 0 0 0 1 0 1 1 0 0 0 0 0 0  --  2  --  6  --  1  --  2
0 0 1 1 1 1 1 1 0 1 1 0 0 1 0 1  --  0 0 1 0 1 0 1 0 0 1 0 0 1 0 0 0  --  2  --  6  --  0  --  2
1 1 0 0 0 0 0 0 1 0 0 1 0 1 0 1  --  1 0 1 0 1 0 1 0 0 1 0 0 0 0 0 0  --  2  --  6  --  1  --  2
0 0 1 1 0 0 0 0 1 0 0 1 0 1 0 1  --  0 0 1 0 0 0 1 0 1 1 0 0 1 0 0 0  --  2  --  6  --  0  --  2
0 0 0 0 1 1 0 0 1 0 0 1 0 1 0 1  --  0 0 0 0 1 0 1 0 1 1 1 0 0 0 0 0  --  2  --  6  --  0  --  2
1 1 1 1 1 1 0 0 1 0 0 1 0 1 0 1  --  1 0 0 0 0 0 1 0 0 1 1 0 1 0 0 0  --  2  --  6  --  0  --  2
0 0 0 0 0 0 1 1 1 0 0 1 0 1 0 1  --  0 0 0 0 0 0 1 0 1 1 1 0 1 0 0 0  --  2  --  6  --  0  --  2
1 1 1 1 0 0 1 1 1 0 0 1 0 1 0 1  --  1 0 0 0 1 0 1 0 0 1 1 0 0 0 0 0  --  2  --  6  --  1  --  2
1 1 0 0 1 1 1 1 1 0 0 1 0 1 0 1  --  1 0 1 0 0 0 1 0 0 1 0 0 1 0 0 0  --  2  --  6  --  1  --  2
0 0 1 1 1 1 1 1 1 0 0 1 0 1 0 1  --  0 0 1 0 1 0 1 0 1 1 0 0 0 0 0 0  --  2  --  6  --  0  --  2
0 1 1 0 0 0 0 0 0 0 1 1 0 1 0 1  --  0 1 1 0 0 1 1 0 0 1 0 0 0 0 0 0  --  2  --  6  --  0  --  2
1 0 0 1 0 0 0 0 0 0 1 1 0 1 0 1  --  1 1 1 0 1 1 1 0 1 1 0 0 1 0 0 0  --  2  --  6  --  0  --  2
0 0 0 0 0 1 1 0 0 0 1 1 0 1 0 1  --  0 0 0 0 0 1 1 0 0 0 1 0 0 0 0 0  --  2  --  6  --  0  --  2
1 1 1 1 0 1 1 0 0 0 1 1 0 1 0 1  --  1 0 0 0 1 1 1 0 1 0 1 0 1 0 0 0  --  2  --  6  --  1  --  2
0 0 0 0 1 0 0 1 0 0 1 1 0 1 0 1  --  0 0 0 0 1 1 1 0 0 0 1 0 1 0 0 0  --  2  --  6  --  0  --  2
1 1 1 1 1 0 0 1 0 0 1 1 0 1 0 1  --  1 0 0 0 0 1 1 0 1 0 1 0 0 0 0 0  --  2  --  6  --  1  --  2
0 1 1 0 1 1 1 1 0 0 1 1 0 1 0 1  --  0 1 1 0 1 1 1 0 0 1 0 0 1 0 0 0  --  2  --  6  --  0  --  2
1 0 0 1 1 1 1 1 0 0 1 1 0 1 0 1  --  1 1 1 0 0 1 1 0 1 1 0 0 0 0 0 0  --  2  --  6  --  0  --  2
0 1 1 0 1 1 0 0 1 1 1 1 0 1 0 1  --  0 1 1 0 1 1 0 0 1 1 1 0 0 0 0 0  --  2  --  6  --  2  --  2
1 0 0 1 1 1 0 0 1 1 1 1 0 1 0 1  --  1 1 1 0 0 1 0 0 0 1 1 0 1 0 0 0  --  2  --  6  --  1  --  2
1 1 0 0 0 1 1 0 1 1 1 1 0 1 0 1  --  1 0 1 0 1 1 0 0 0 0 1 0 0 0 0 0  --  2  --  6  --  1  --  2
0 0 1 1 0 1 1 0 1 1 1 1 0 1 0 1  --  0 0 1 0 0 1 0 0 1 0 1 0 1 0 0 0  --  2  --  6  --  0  --  2
1 1 0 0 1 0 0 1 1 1 1 1 0 1 0 1  --  1 0 1 0 0 1 0 0 0 0 1 0 1 0 0 0  --  2  --  6  --  1  --  2
0 0 1 1 1 0 0 1 1 1 1 1 0 1 0 1  --  0 0 1 0 1 1 0 0 1 0 1 0 0 0 0 0  --  2  --  6  --  0  --  2
0 1 1 0 0 0 1 1 1 1 1 1 0 1 0 1  --  0 1 1 0 0 1 0 0 1 1 1 0 1 0 0 0  --  2  --  6  --  0  --  2
1 0 0 1 0 0 1 1 1 1 1 1 0 1 0 1  --  1 1 1 0 1 1 0 0 0 1 1 0 0 0 0 0  --  2  --  6  --  0  --  2
0 0 1 0 1 0 0 0 1 0 0 0 1 1 0 1  --  0 0 1 1 1 1 0 0 1 1 0 0 1 0 0 0  --  2  --  6  --  1  --  2
0 0 0 1 0 1 0 0 1 0 0 0 1 1 0 1  --  0 0 0 1 0 1 0 0 1 1 1 0 0 0 0 0  --  2  --  6  --  0  --  2
1 0 0 0 0 0 1 0 1 0 0 0 1 1 0 1  --  1 1 1 1 1 1 0 0 0 0 0 0 1 0 0 0  --  2  --  6  --  1  --  2
1 0 1 1 1 1 1 0 1 0 0 0 1 1 0 1  --  1 1 0 1 0 1 0 0 0 0 1 0 0 0 0 0  --  2  --  6  --  0  --  2
0 1 0 0 0 0 0 1 1 0 0 0 1 1 0 1  --  0 1 0 1 0 1 0 0 1 0 1 0 0 0 0 0  --  2  --  6  --  0  --  2
0 1 1 1 1 1 0 1 1 0 0 0 1 1 0 1  --  0 1 1 1 1 1 0 0 1 0 0 0 1 0 0 0  --  2  --  6  --  2  --  2
1 1 1 0 1 0 1 1 1 0 0 0 1 1 0 1  --  1 0 0 1 0 1 0 0 0 1 1 0 0 0 0 0  --  2  --  6  --  0  --  2
1 1 0 1 0 1 1 1 1 0 0 0 1 1 0 1  --  1 0 1 1 1 1 0 0 0 1 0 0 1 0 0 0  --  2  --  6  --  1  --  2
0 0 0 1 1 0 0 0 0 1 0 0 1 1 0 1  --  0 0 0 1 1 1 1 0 0 1 0 0 0 0 0 0  --  2  --  6  --  0  --  2
0 0 1 0 0 1 0 0 0 1 0 0 1 1 0 1  --  0 0 1 1 0 1 1 0 0 1 1 0 1 0 0 0  --  2  --  6  --  0  --  2
0 1 0 0 0 0 1 0 0 1 0 0 1 1 0 1  --  0 1 0 1 0 1 1 0 0 0 0 0 1 0 0 0  --  2  --  6  --  0  --  2
0 1 1 1 1 1 1 0 0 1 0 0 1 1 0 1  --  0 1 1 1 1 1 1 0 0 0 1 0 0 0 0 0  --  2  --  6  --  1  --  2
1 0 0 0 0 0 0 1 0 1 0 0 1 1 0 1  --  1 1 1 1 1 1 1 0 1 0 1 0 0 0 0 0  --  2  --  6  --  0  --  2
1 0 1 1 1 1 0 1 0 1 0 0 1 1 0 1  --  1 1 0 1 0 1 1 0 1 0 0 0 1 0 0 0  --  2  --  6  --  1  --  2
1 1 0 1 1 0 1 1 0 1 0 0 1 1 0 1  --  1 0 1 1 0 1 1 0 1 1 1 0 1 0 0 0  --  2  --  6  --  1  --  2
1 1 1 0 0 1 1 1 0 1 0 0 1 1 0 1  --  1 0 0 1 1 1 1 0 1 1 0 0 0 0 0 0  --  2  --  6  --  1  --  2
1 0 0 0 1 0 0 0 0 0 1 0 1 1 0 1  --  1 1 1 1 0 0 0 0 1 1 0 0 1 0 0 0  --  2  --  6  --  1  --  2
0 1 0 0 0 1 0 0 0 0 1 0 1 1 0 1  --  0 1 0 1 0 0 0 0 0 1 1 0 1 0 0 0  --  2  --  6  --  0  --  2
0 0 1 0 0 0 1 0 0 0 1 0 1 1 0 1  --  0 0 1 1 0 0 0 0 0 0 0 0 1 0 0 0  --  2  --  6  --  0  --  2
1 1 1 0 1 1 1 0 0 0 1 0 1 1 0 1  --  1 0 0 1 0 0 0 0 1 0 1 0 1 0 0 0  --  2  --  6  --  0  --  2
0 0 0 1 0 0 0 1 0 0 1 0 1 1 0 1  --  0 0 0 1 0 0 0 0 0 0 1 0 1 0 0 0  --  2  --  6  --  0  --  2
1 1 0 1 1 1 0 1 0 0 1 0 1 1 0 1  --  1 0 1 1 0 0 0 0 1 0 0 0 1 0 0 0  --  2  --  6  --  1  --  2
1 0 1 1 1 0 1 1 0 0 1 0 1 1 0 1  --  1 1 0 1 0 0 0 0 1 1 1 0 1 0 0 0  --  2  --  6  --  1  --  2
0 1 1 1 0 1 1 1 0 0 1 0 1 1 0 1  --  0 1 1 1 0 0 0 0 0 1 0 0 1 0 0 0  --  2  --  6  --  0  --  2
1 0 1 1 1 0 0 0 1 1 1 0 1 1 0 1  --  1 1 0 1 0 0 1 0 0 1 0 0 0 0 0 0  --  2  --  6  --  0  --  2
0 1 1 1 0 1 0 0 1 1 1 0 1 1 0 1  --  0 1 1 1 0 0 1 0 1 1 1 0 0 0 0 0  --  2  --  6  --  1  --  2
1 1 1 0 0 0 1 0 1 1 1 0 1 1 0 1  --  1 0 0 1 1 0 1 0 0 0 0 0 1 0 0 0  --  2  --  6  --  0  --  2
0 0 1 0 1 1 1 0 1 1 1 0 1 1 0 1  --  0 0 1 1 1 0 1 0 1 0 1 0 1 0 0 0  --  2  --  6  --  1  --  2
1 1 0 1 0 0 0 1 1 1 1 0 1 1 0 1  --  1 0 1 1 1 0 1 0 0 0 1 0 1 0 0 0  --  2  --  6  --  1  --  2
0 0 0 1 1 1 0 1 1 1 1 0 1 1 0 1  --  0 0 0 1 1 0 1 0 1 0 0 0 1 0 0 0  --  2  --  6  --  0  --  2
1 0 0 0 1 0 1 1 1 1 1 0 1 1 0 1  --  1 1 1 1 0 0 1 0 0 1 1 0 0 0 0 0  --  2  --  6  --  1  --  2
0 1 0 0 0 1 1 1 1 1 1 0 1 1 0 1  --  0 1 0 1 0 0 1 0 1 1 0 0 0 0 0 0  --  2  --  6  --  0  --  2
0 1 0 0 1 0 0 0 0 0 0 1 1 1 0 1  --  0 1 0 1 1 0 1 0 0 1 0 0 0 0 0 0  --  2  --  6  --  0  --  2
1 0 0 0 0 1 0 0 0 0 0 1 1 1 0 1  --  1 1 1 1 1 0 1 0 1 1 1 0 0 0 0 0  --  2  --  6  --  0  --  2
0 0 0 1 0 0 1 0 0 0 0 1 1 1 0 1  --  0 0 0 1 0 0 1 0 0 0 0 0 1 0 0 0  --  2  --  6  --  0  --  2
1 1 0 1 1 1 1 0 0 0 0 1 1 1 0 1  --  1 0 1 1 0 0 1 0 1 0 1 0 1 0 0 0  --  2  --  6  --  1  --  2
0 0 1 0 0 0 0 1 0 0 0 1 1 1 0 1  --  0 0 1 1 0 0 1 0 0 0 1 0 1 0 0 0  --  2  --  6  --  0  --  2
1 1 1 0 1 1 0 1 0 0 0 1 1 1 0 1  --  1 0 0 1 0 0 1 0 1 0 0 0 1 0 0 0  --  2  --  6  --  1  --  2
0 1 1 1 1 0 1 1 0 0 0 1 1 1 0 1  --  0 1 1 1 1 0 1 0 0 1 1 0 0 0 0 0  --  2  --  6  --  0  --  2
1 0 1 1 0 1 1 1 0 0 0 1 1 1 0 1  --  1 1 0 1 1 0 1 0 1 1 0 0 0 0 0 0  --  2  --  6  --  0  --  2
0 1 1 1 1 0 0 0 1 1 0 1 1 1 0 1  --  0 1 1 1 1 0 0 0 1 1 0 0 1 0 0 0  --  2  --  6  --  2  --  2
1 0 1 1 0 1 0 0 1 1 0 1 1 1 0 1  --  1 1 0 1 1 0 0 0 0 1 1 0 1 0 0 0  --  2  --  6  --  1  --  2
1 1 0 1 0 0 1 0 1 1 0 1 1 1 0 1  --  1 0 1 1 1 0 0 0 0 0 0 0 1 0 0 0  --  2  --  6  --  1  --  2
0 0 0 1 1 1 1 0 1 1 0 1 1 1 0 1  --  0 0 0 1 1 0 0 0 1 0 1 0 1 0 0 0  --  2  --  6  --  0  --  2
1 1 1 0 0 0 0 1 1 1 0 1 1 1 0 1  --  1 0 0 1 1 0 0 0 0 0 1 0 1 0 0 0  --  2  --  6  --  1  --  2
0 0 1 0 1 1 0 1 1 1 0 1 1 1 0 1  --  0 0 1 1 1 0 0 0 1 0 0 0 1 0 0 0  --  2  --  6  --  0  --  2
0 1 0 0 1 0 1 1 1 1 0 1 1 1 0 1  --  0 1 0 1 1 0 0 0 1 1 1 0 1 0 0 0  --  2  --  6  --  0  --  2
1 0 0 0 0 1 1 1 1 1 0 1 1 1 0 1  --  1 1 1 1 1 0 0 0 0 1 0 0 1 0 0 0  --  2  --  6  --  0  --  2
1 1 1 0 1 0 0 0 1 0 1 1 1 1 0 1  --  1 0 0 1 0 1 1 0 0 1 0 0 0 0 0 0  --  2  --  6  --  0  --  2
1 1 0 1 0 1 0 0 1 0 1 1 1 1 0 1  --  1 0 1 1 1 1 1 0 0 1 1 0 1 0 0 0  --  2  --  6  --  1  --  2
1 0 1 1 0 0 1 0 1 0 1 1 1 1 0 1  --  1 1 0 1 1 1 1 0 0 0 0 0 1 0 0 0  --  2  --  6  --  1  --  2
1 0 0 0 1 1 1 0 1 0 1 1 1 1 0 1  --  1 1 1 1 0 1 1 0 0 0 1 0 0 0 0 0  --  2  --  6  --  1  --  2
0 1 1 1 0 0 0 1 1 0 1 1 1 1 0 1  --  0 1 1 1 0 1 1 0 1 0 1 0 0 0 0 0  --  2  --  6  --  0  --  2
0 1 0 0 1 1 0 1 1 0 1 1 1 1 0 1  --  0 1 0 1 1 1 1 0 1 0 0 0 1 0 0 0  --  2  --  6  --  0  --  2
0 0 1 0 1 0 1 1 1 0 1 1 1 1 0 1  --  0 0 1 1 1 1 1 0 1 1 1 0 1 0 0 0  --  2  --  6  --  0  --  2
0 0 0 1 0 1 1 1 1 0 1 1 1 1 0 1  --  0 0 0 1 0 1 1 0 1 1 0 0 0 0 0 0  --  2  --  6  --  0  --  2
1 1 0 1 1 0 0 0 0 1 1 1 1 1 0 1  --  1 0 1 1 0 1 0 0 1 1 0 0 1 0 0 0  --  2  --  6  --  1  --  2
1 1 1 0 0 1 0 0 0 1 1 1 1 1 0 1  --  1 0 0 1 1 1 0 0 1 1 1 0 0 0 0 0  --  2  --  6  --  1  --  2
0 1 1 1 0 0 1 0 0 1 1 1 1 1 0 1  --  0 1 1 1 0 1 0 0 0 0 0 0 1 0 0 0  --  2  --  6  --  0  --  2
0 1 0 0 1 1 1 0 0 1 1 1 1 1 0 1  --  0 1 0 1 1 1 0 0 0 0 1 0 0 0 0 0  --  2  --  6  --  0  --  2
1 0 1 1 0 0 0 1 0 1 1 1 1 1 0 1  --  1 1 0 1 1 1 0 0 1 0 1 0 0 0 0 0  --  2  --  6  --  0  --  2
1 0 0 0 1 1 0 1 0 1 1 1 1 1 0 1  --  1 1 1 1 0 1 0 0 1 0 0 0 1 0 0 0  --  2  --  6  --  0  --  2
0 0 0 1 1 0 1 1 0 1 1 1 1 1 0 1  --  0 0 0 1 1 1 0 0 0 1 1 0 0 0 0 0  --  2  --  6  --  0  --  2
0 0 1 0 0 1 1 1 0 1 1 1 1 1 0 1  --  0 0 1 1 0 1 0 0 0 1 0 0 1 0 0 0  --  2  --  6  --  0  --  2
0 1 1 0 1 0 1 0 0 0 0 0 0 0 1 1  --  0 1 1 0 1 0 1 0 0 1 1 0 1 0 0 0  --  2  --  6  --  1  --  2
1 0 0 1 1 0 1 0 0 0 0 0 0 0 1 1  --  1 1 1 0 0 0 1 0 1 1 1 0 0 0 0 0  --  2  --  6  --  1  --  2
1 0 1 0 0 1 1 0 0 0 0 0 0 0 1 1  --  1 1 0 0 1 0 1 0 1 1 0 0 1 0 0 0  --  2  --  6  --  1  --  2
0 1 0 1 0 1 1 0 0 0 0 0 0 0 1 1  --  0 1 0 0 0 0 1 0 0 1 0 0 0 0 0 0  --  2  --  6  --  0  --  2
1 0 1 0 1 0 0 1 0 0 0 0 0 0 1 1  --  1 1 0 0 0 0 1 0 1 1 0 0 0 0 0 0  --  2  --  6  --  1  --  2
0 1 0 1 1 0 0 1 0 0 0 0 0 0 1 1  --  0 1 0 0 1 0 1 0 0 1 0 0 1 0 0 0  --  2  --  6  --  0  --  2
0 1 1 0 0 1 0 1 0 0 0 0 0 0 1 1  --  0 1 1 0 0 0 1 0 0 1 1 0 0 0 0 0  --  2  --  6  --  0  --  2
1 0 0 1 0 1 0 1 0 0 0 0 0 0 1 1  --  1 1 1 0 1 0 1 0 1 1 1 0 1 0 0 0  --  2  --  6  --  0  --  2
0 1 1 0 0 0 0 0 1 0 1 0 0 0 1 1  --  0 1 1 0 0 1 1 0 1 0 1 0 1 0 0 0  --  2  --  6  --  1  --  2
1 0 0 1 0 0 0 0 1 0 1 0 0 0 1 1  --  1 1 1 0 1 1 1 0 0 0 1 0 0 0 0 0  --  2  --  6  --  1  --  2
0 0 0 0 0 1 1 0 1 0 1 0 0 0 1 1  --  0 0 0 0 0 1 1 0 1 1 0 0 1 0 0 0  --  2  --  6  --  0  --  2
1 1 1 1 0 1 1 0 1 0 1 0 0 0 1 1  --  1 0 0 0 1 1 1 0 0 1 0 0 0 0 0 0  --  2  --  6  --  0  --  2
0 0 0 0 1 0 0 1 1 0 1 0 0 0 1 1  --  0 0 0 0 1 1 1 0 1 1 0 0 0 0 0 0  --  2  --  6  --  0  --  2
1 1 1 1 1 0 0 1 1 0 1 0 0 0 1 1  --  1 0 0 0 0 1 1 0 0 1 0 0 1 0 0 0  --  2  --  6  --  0  --  2
0 1 1 0 1 1 1 1 1 0 1 0 0 0 1 1  --  0 1 1 0 1 1 1 0 1 0 1 0 0 0 0 0  --  2  --  6  --  2  --  2
1 0 0 1 1 1 1 1 1 0 1 0 0 0 1 1  --  1 1 1 0 0 1 1 0 0 0 1 0 1 0 0 0  --  2  --  6  --  1  --  2
1 0 1 0 0 0 0 0 0 1 1 0 0 0 1 1  --  1 1 0 0 1 1 0 0 1 0 1 0 1 0 0 0  --  2  --  6  --  1  --  2
0 1 0 1 0 0 0 0 0 1 1 0 0 0 1 1  --  0 1 0 0 0 1 0 0 0 0 1 0 0 0 0 0  --  2  --  6  --  0  --  2
0 0 0 0 1 0 1 0 0 1 1 0 0 0 1 1  --  0 0 0 0 1 1 0 0 0 1 1 0 1 0 0 0  --  2  --  6  --  0  --  2
1 1 1 1 1 0 1 0 0 1 1 0 0 0 1 1  --  1 0 0 0 0 1 0 0 1 1 1 0 0 0 0 0  --  2  --  6  --  0  --  2
0 0 0 0 0 1 0 1 0 1 1 0 0 0 1 1  --  0 0 0 0 0 1 0 0 0 1 1 0 0 0 0 0  --  2  --  6  --  0  --  2
1 1 1 1 0 1 0 1 0 1 1 0 0 0 1 1  --  1 0 0 0 1 1 0 0 1 1 1 0 1 0 0 0  --  2  --  6  --  1  --  2
1 0 1 0 1 1 1 1 0 1 1 0 0 0 1 1  --  1 1 0 0 0 1 0 0 1 0 1 0 0 0 0 0  --  2  --  6  --  1  --  2
0 1 0 1 1 1 1 1 0 1 1 0 0 0 1 1  --  0 1 0 0 1 1 0 0 0 0 1 0 1 0 0 0  --  2  --  6  --  0  --  2
1 0 1 0 0 0 0 0 1 0 0 1 0 0 1 1  --  1 1 0 0 1 1 0 0 0 0 1 0 0 0 0 0  --  2  --  6  --  1  --  2
0 1 0 1 0 0 0 0 1 0 0 1 0 0 1 1  --  0 1 0 0 0 1 0 0 1 0 1 0 1 0 0 0  --  2  --  6  --  0  --  2
0 0 0 0 1 0 1 0 1 0 0 1 0 0 1 1  --  0 0 0 0 1 1 0 0 1 1 1 0 0 0 0 0  --  2  --  6  --  0  --  2
1 1 1 1 1 0 1 0 1 0 0 1 0 0 1 1  --  1 0 0 0 0 1 0 0 0 1 1 0 1 0 0 0  --  2  --  6  --  0  --  2
0 0 0 0 0 1 0 1 1 0 0 1 0 0 1 1  --  0 0 0 0 0 1 0 0 1 1 1 0 1 0 0 0  --  2  --  6  --  0  --  2
1 1 1 1 0 1 0 1 1 0 0 1 0 0 1 1  --  1 0 0 0 1 1 0 0 0 1 1 0 0 0 0 0  --  2  --  6  --  1  --  2
1 0 1 0 1 1 1 1 1 0 0 1 0 0 1 1  --  1 1 0 0 0 1 0 0 0 0 1 0 1 0 0 0  --  2  --  6  --  1  --  2
0 1 0 1 1 1 1 1 1 0 0 1 0 0 1 1  --  0 1 0 0 1 1 0 0 1 0 1 0 0 0 0 0  --  2  --  6  --  0  --  2
0 1 1 0 0 0 0 0 0 1 0 1 0 0 1 1  --  0 1 1 0 0 1 1 0 0 0 1 0 0 0 0 0  --  2  --  6  --  0  --  2
1 0 0 1 0 0 0 0 0 1 0 1 0 0 1 1  --  1 1 1 0 1 1 1 0 1 0 1 0 1 0 0 0  --  2  --  6  --  0  --  2
0 0 0 0 0 1 1 0 0 1 0 1 0 0 1 1  --  0 0 0 0 0 1 1 0 0 1 0 0 0 0 0 0  --  2  --  6  --  0  --  2
1 1 1 1 0 1 1 0 0 1 0 1 0 0 1 1  --  1 0 0 0 1 1 1 0 1 1 0 0 1 0 0 0  --  2  --  6  --  1  --  2
0 0 0 0 1 0 0 1 0 1 0 1 0 0 1 1  --  0 0 0 0 1 1 1 0 0 1 0 0 1 0 0 0  --  2  --  6  --  0  --  2
1 1 1 1 1 0 0 1 0 1 0 1 0 0 1 1  --  1 0 0 0 0 1 1 0 1 1 0 0 0 0 0 0  --  2  --  6  --  1  --  2
0 1 1 0 1 1 1 1 0 1 0 1 0 0 1 1  --  0 1 1 0 1 1 1 0 0 0 1 0 1 0 0 0  --  2  --  6  --  0  --  2
1 0 0 1 1 1 1 1 0 1 0 1 0 0 1 1  --  1 1 1 0 0 1 1 0 1 0 1 0 0 0 0 0  --  2  --  6  --  0  --  2
0 1 1 0 1 0 1 0 1 1 1 1 0 0 1 1  --  0 1 1 0 1 0 1 0 1 1 1 0 0 0 0 0  --  2  --  6  --  2  --  2
1 0 0 1 1 0 1 0 1 1 1 1 0 0 1 1  --  1 1 1 0 0 0 1 0 0 1 1 0 1 0 0 0  --  2  --  6  --  1  --  2
1 0 1 0 0 1 1 0 1 1 1 1 0 0 1 1  --  1 1 0 0 1 0 1 0 0 1 0 0 0 0 0 0  --  2  --  6  --  1  --  2
0 1 0 1 0 1 1 0 1 1 1 1 0 0 1 1  --  0 1 0 0 0 0 1 0 1 1 0 0 1 0 0 0  --  2  --  6  --  0  --  2
1 0 1 0 1 0 0 1 1 1 1 1 0 0 1 1  --  1 1 0 0 0 0 1 0 0 1 0 0 1 0 0 0  --  2  --  6  --  1  --  2
0 1 0 1 1 0 0 1 1 1 1 1 0 0 1 1  --  0 1 0 0 1 0 1 0 1 1 0 0 0 0 0 0  --  2  --  6  --  0  --  2
0 1 1 0 0 1 0 1 1 1 1 1 0 0 1 1  --  0 1 1 0 0 0 1 0 1 1 1 0 1 0 0 0  --  2  --  6  --  0  --  2
1 0 0 1 0 1 0 1 1 1 1 1 0 0 1 1  --  1 1 1 0 1 0 1 0 0 1 1 0 0 0 0 0  --  2  --  6  --  0  --  2
0 1 0 0 1 0 0 0 1 0 0 0 1 0 1 1  --  0 1 0 1 1 0 1 0 1 0 1 0 1 0 0 0  --  2  --  6  --  1  --  2
1 0 0 0 0 1 0 0 1 0 0 0 1 0 1 1  --  1 1 1 1 1 0 1 0 0 0 0 0 1 0 0 0  --  2  --  6  --  1  --  2
0 0 0 1 0 0 1 0 1 0 0 0 1 0 1 1  --  0 0 0 1 0 0 1 0 1 1 1 0 0 0 0 0  --  2  --  6  --  0  --  2
1 1 0 1 1 1 1 0 1 0 0 0 1 0 1 1  --  1 0 1 1 0 0 1 0 0 1 0 0 0 0 0 0  --  2  --  6  --  0  --  2
0 0 1 0 0 0 0 1 1 0 0 0 1 0 1 1  --  0 0 1 1 0 0 1 0 1 1 0 0 0 0 0 0  --  2  --  6  --  0  --  2
1 1 1 0 1 1 0 1 1 0 0 0 1 0 1 1  --  1 0 0 1 0 0 1 0 0 1 1 0 0 0 0 0  --  2  --  6  --  0  --  2
0 1 1 1 1 0 1 1 1 0 0 0 1 0 1 1  --  0 1 1 1 1 0 1 0 1 0 0 0 1 0 0 0  --  2  --  6  --  2  --  2
1 0 1 1 0 1 1 1 1 0 0 0 1 0 1 1  --  1 1 0 1 1 0 1 0 0 0 1 0 1 0 0 0  --  2  --  6  --  1  --  2
1 0 0 0 1 0 0 0 0 1 0 0 1 0 1 1  --  1 1 1 1 0 0 0 0 1 0 1 0 1 0 0 0  --  2  --  6  --  1  --  2
0 1 0 0 0 1 0 0 0 1 0 0 1 0 1 1  --  0 1 0 1 0 0 0 0 0 0 0 0 1 0 0 0  --  2  --  6  --  0  --  2
0 0 1 0 0 0 1 0 0 1 0 0 1 0 1 1  --  0 0 1 1 0 0 0 0 0 1 1 0 1 0 0 0  --  2  --  6  --  0  --  2
1 1 1 0 1 1 1 0 0 1 0 0 1 0 1 1  --  1 0 0 1 0 0 0 0 1 1 0 0 1 0 0 0  --  2  --  6  --  0  --  2
0 0 0 1 0 0 0 1 0 1 0 0 1 0 1 1  --  0 0 0 1 0 0 0 0 0 1 0 0 1 0 0 0  --  2  --  6  --  0  --  2
1 1 0 1 1 1 0 1 0 1 0 0 1 0 1 1  --  1 0 1 1 0 0 0 0 1 1 1 0 1 0 0 0  --  2  --  6  --  1  --  2
1 0 1 1 1 0 1 1 0 1 0 0 1 0 1 1  --  1 1 0 1 0 0 0 0 1 0 0 0 1 0 0 0  --  2  --  6  --  1  --  2
0 1 1 1 0 1 1 1 0 1 0 0 1 0 1 1  --  0 1 1 1 0 0 0 0 0 0 1 0 1 0 0 0  --  2  --  6  --  0  --  2
0 0 0 1 1 0 0 0 0 0 1 0 1 0 1 1  --  0 0 0 1 1 1 1 0 0 0 1 0 0 0 0 0  --  2  --  6  --  0  --  2
0 0 1 0 0 1 0 0 0 0 1 0 1 0 1 1  --  0 0 1 1 0 1 1 0 0 0 0 0 1 0 0 0  --  2  --  6  --  0  --  2
0 1 0 0 0 0 1 0 0 0 1 0 1 0 1 1  --  0 1 0 1 0 1 1 0 0 1 1 0 1 0 0 0  --  2  --  6  --  0  --  2
0 1 1 1 1 1 1 0 0 0 1 0 1 0 1 1  --  0 1 1 1 1 1 1 0 0 1 0 0 0 0 0 0  --  2  --  6  --  1  --  2
1 0 0 0 0 0 0 1 0 0 1 0 1 0 1 1  --  1 1 1 1 1 1 1 0 1 1 0 0 0 0 0 0  --  2  --  6  --  0  --  2
1 0 1 1 1 1 0 1 0 0 1 0 1 0 1 1  --  1 1 0 1 0 1 1 0 1 1 1 0 1 0 0 0  --  2  --  6  --  1  --  2
1 1 0 1 1 0 1 1 0 0 1 0 1 0 1 1  --  1 0 1 1 0 1 1 0 1 0 0 0 1 0 0 0  --  2  --  6  --  1  --  2
1 1 1 0 0 1 1 1 0 0 1 0 1 0 1 1  --  1 0 0 1 1 1 1 0 1 0 1 0 0 0 0 0  --  2  --  6  --  1  --  2
1 1 0 1 1 0 0 0 1 1 1 0 1 0 1 1  --  1 0 1 1 0 1 0 0 0 0 1 0 0 0 0 0  --  2  --  6  --  0  --  2
1 1 1 0 0 1 0 0 1 1 1 0 1 0 1 1  --  1 0 0 1 1 1 0 0 0 0 0 0 1 0 0 0  --  2  --  6  --  0  --  2
0 1 1 1 0 0 1 0 1 1 1 0 1 0 1 1  --  0 1 1 1 0 1 0 0 1 1 1 0 0 0 0 0  --  2  --  6  --  1  --  2
0 1 0 0 1 1 1 0 1 1 1 0 1 0 1 1  --  0 1 0 1 1 1 0 0 1 1 0 0 1 0 0 0  --  2  --  6  --  1  --  2
1 0 1 1 0 0 0 1 1 1 1 0 1 0 1 1  --  1 1 0 1 1 1 0 0 0 1 0 0 1 0 0 0  --  2  --  6  --  1  --  2
1 0 0 0 1 1 0 1 1 1 1 0 1 0 1 1  --  1 1 1 1 0 1 0 0 0 1 1 0 0 0 0 0  --  2  --  6  --  1  --  2
0 0 0 1 1 0 1 1 1 1 1 0 1 0 1 1  --  0 0 0 1 1 1 0 0 1 0 0 0 1 0 0 0  --  2  --  6  --  0  --  2
0 0 1 0 0 1 1 1 1 1 1 0 1 0 1 1  --  0 0 1 1 0 1 0 0 1 0 1 0 0 0 0 0  --  2  --  6  --  0  --  2
0 0 1 0 1 0 0 0 0 0 0 1 1 0 1 1  --  0 0 1 1 1 1 0 0 0 0 1 0 0 0 0 0  --  2  --  6  --  0  --  2
0 0 0 1 0 1 0 0 0 0 0 1 1 0 1 1  --  0 0 0 1 0 1 0 0 0 0 0 0 1 0 0 0  --  2  --  6  --  0  --  2
1 0 0 0 0 0 1 0 0 0 0 1 1 0 1 1  --  1 1 1 1 1 1 0 0 1 1 1 0 0 0 0 0  --  2  --  6  --  0  --  2
1 0 1 1 1 1 1 0 0 0 0 1 1 0 1 1  --  1 1 0 1 0 1 0 0 1 1 0 0 1 0 0 0  --  2  --  6  --  1  --  2
0 1 0 0 0 0 0 1 0 0 0 1 1 0 1 1  --  0 1 0 1 0 1 0 0 0 1 0 0 1 0 0 0  --  2  --  6  --  0  --  2
0 1 1 1 1 1 0 1 0 0 0 1 1 0 1 1  --  0 1 1 1 1 1 0 0 0 1 1 0 0 0 0 0  --  2  --  6  --  0  --  2
1 1 1 0 1 0 1 1 0 0 0 1 1 0 1 1  --  1 0 0 1 0 1 0 0 1 0 0 0 1 0 0 0  --  2  --  6  --  1  --  2
1 1 0 1 0 1 1 1 0 0 0 1 1 0 1 1  --  1 0 1 1 1 1 0 0 1 0 1 0 0 0 0 0  --  2  --  6  --  0  --  2
1 1 1 0 1 0 0 0 1 1 0 1 1 0 1 1  --  1 0 0 1 0 1 1 0 0 0 1 0 0 0 0 0  --  2  --  6  --  0  --  2
1 1 0 1 0 1 0 0 1 1 0 1 1 0 1 1  --  1 0 1 1 1 1 1 0 0 0 0 0 1 0 0 0  --  2  --  6  --  1  --  2
1 0 1 1 0 0 1 0 1 1 0 1 1 0 1 1  --  1 1 0 1 1 1 1 0 0 1 1 0 1 0 0 0  --  2  --  6  --  1  --  2
1 0 0 0 1 1 1 0 1 1 0 1 1 0 1 1  --  1 1 1 1 0 1 1 0 0 1 0 0 0 0 0 0  --  2  --  6  --  1  --  2
0 1 1 1 0 0 0 1 1 1 0 1 1 0 1 1  --  0 1 1 1 0 1 1 0 1 1 0 0 0 0 0 0  --  2  --  6  --  0  --  2
0 1 0 0 1 1 0 1 1 1 0 1 1 0 1 1  --  0 1 0 1 1 1 1 0 1 1 1 0 1 0 0 0  --  2  --  6  --  0  --  2
0 0 1 0 1 0 1 1 1 1 0 1 1 0 1 1  --  0 0 1 1 1 1 1 0 1 0 0 0 1 0 0 0  --  2  --  6  --  0  --  2
0 0 0 1 0 1 1 1 1 1 0 1 1 0 1 1  --  0 0 0 1 0 1 1 0 1 0 1 0 0 0 0 0  --  2  --  6  --  0  --  2
0 1 1 1 1 0 0 0 1 0 1 1 1 0 1 1  --  0 1 1 1 1 0 0 0 1 0 1 0 1 0 0 0  --  2  --  6  --  2  --  2
1 0 1 1 0 1 0 0 1 0 1 1 1 0 1 1  --  1 1 0 1 1 0 0 0 0 0 0 0 1 0 0 0  --  2  --  6  --  1  --  2
1 1 0 1 0 0 1 0 1 0 1 1 1 0 1 1  --  1 0 1 1 1 0 0 0 0 1 1 0 1 0 0 0  --  2  --  6  --  1  --  2
0 0 0 1 1 1 1 0 1 0 1 1 1 0 1 1  --  0 0 0 1 1 0 0 0 1 1 0 0 1 0 0 0  --  2  --  6  --  0  --  2
1 1 1 0 0 0 0 1 1 0 1 1 1 0 1 1  --  1 0 0 1 1 0 0 0 0 1 0 0 1 0 0 0  --  2  --  6  --  1  --  2
0 0 1 0 1 1 0 1 1 0 1 1 1 0 1 1  --  0 0 1 1 1 0 0 0 1 1 1 0 1 0 0 0  --  2  --  6  --  0  --  2
0 1 0 0 1 0 1 1 1 0 1 1 1 0 1 1  --  0 1 0 1 1 0 0 0 1 0 0 0 1 0 0 0  --  2  --  6  --  0  --  2
1 0 0 0 0 1 1 1 1 0 1 1 1 0 1 1  --  1 1 1 1 1 0 0 0 0 0 1 0 1 0 0 0  --  2  --  6  --  0  --  2
1 0 1 1 1 0 0 0 0 1 1 1 1 0 1 1  --  1 1 0 1 0 0 1 0 1 0 1 0 1 0 0 0  --  2  --  6  --  1  --  2
0 1 1 1 0 1 0 0 0 1 1 1 1 0 1 1  --  0 1 1 1 0 0 1 0 0 0 0 0 1 0 0 0  --  2  --  6  --  0  --  2
1 1 1 0 0 0 1 0 0 1 1 1 1 0 1 1  --  1 0 0 1 1 0 1 0 1 1 1 0 0 0 0 0  --  2  --  6  --  1  --  2
0 0 1 0 1 1 1 0 0 1 1 1 1 0 1 1  --  0 0 1 1 1 0 1 0 0 1 0 0 0 0 0 0  --  2  --  6  --  0  --  2
1 1 0 1 0 0 0 1 0 1 1 1 1 0 1 1  --  1 0 1 1 1 0 1 0 1 1 0 0 0 0 0 0  --  2  --  6  --  0  --  2
0 0 0 1 1 1 0 1 0 1 1 1 1 0 1 1  --  0 0 0 1 1 0 1 0 0 1 1 0 0 0 0 0  --  2  --  6  --  0  --  2
1 0 0 0 1 0 1 1 0 1 1 1 1 0 1 1  --  1 1 1 1 0 0 1 0 1 0 0 0 1 0 0 0  --  2  --  6  --  0  --  2
0 1 0 0 0 1 1 1 0 1 1 1 1 0 1 1  --  0 1 0 1 0 0 1 0 0 0 1 0 1 0 0 0  --  2  --  6  --  0  --  2
1 0 0 0 1 0 0 0 1 0 0 0 0 1 1 1  --  1 1 1 1 0 0 0 0 0 0 0 0 1 0 0 0  --  2  --  6  --  1  --  2
0 1 0 0 0 1 0 0 1 0 0 0 0 1 1 1  --  0 1 0 1 0 0 0 0 1 0 1 0 1 0 0 0  --  2  --  6  --  0  --  2
0 0 1 0 0 0 1 0 1 0 0 0 0 1 1 1  --  0 0 1 1 0 0 0 0 1 1 0 0 1 0 0 0  --  2  --  6  --  0  --  2
1 1 1 0 1 1 1 0 1 0 0 0 0 1 1 1  --  1 0 0 1 0 0 0 0 0 1 1 0 1 0 0 0  --  2  --  6  --  0  --  2
0 0 0 1 0 0 0 1 1 0 0 0 0 1 1 1  --  0 0 0 1 0 0 0 0 1 1 1 0 1 0 0 0  --  2  --  6  --  0  --  2
1 1 0 1 1 1 0 1 1 0 0 0 0 1 1 1  --  1 0 1 1 0 0 0 0 0 1 0 0 1 0 0 0  --  2  --  6  --  1  --  2
1 0 1 1 1 0 1 1 1 0 0 0 0 1 1 1  --  1 1 0 1 0 0 0 0 0 0 1 0 1 0 0 0  --  2  --  6  --  1  --  2
0 1 1 1 0 1 1 1 1 0 0 0 0 1 1 1  --  0 1 1 1 0 0 0 0 1 0 0 0 1 0 0 0  --  2  --  6  --  0  --  2
0 1 0 0 1 0 0 0 0 1 0 0 0 1 1 1  --  0 1 0 1 1 0 1 0 0 0 0 0 1 0 0 0  --  2  --  6  --  0  --  2
1 0 0 0 0 1 0 0 0 1 0 0 0 1 1 1  --  1 1 1 1 1 0 1 0 1 0 1 0 1 0 0 0  --  2  --  6  --  0  --  2
0 0 0 1 0 0 1 0 0 1 0 0 0 1 1 1  --  0 0 0 1 0 0 1 0 0 1 0 0 0 0 0 0  --  2  --  6  --  0  --  2
1 1 0 1 1 1 1 0 0 1 0 0 0 1 1 1  --  1 0 1 1 0 0 1 0 1 1 1 0 0 0 0 0  --  2  --  6  --  1  --  2
0 0 1 0 0 0 0 1 0 1 0 0 0 1 1 1  --  0 0 1 1 0 0 1 0 0 1 1 0 0 0 0 0  --  2  --  6  --  0  --  2
1 1 1 0 1 1 0 1 0 1 0 0 0 1 1 1  --  1 0 0 1 0 0 1 0 1 1 0 0 0 0 0 0  --  2  --  6  --  1  --  2
0 1 1 1 1 0 1 1 0 1 0 0 0 1 1 1  --  0 1 1 1 1 0 1 0 0 0 1 0 1 0 0 0  --  2  --  6  --  0  --  2
1 0 1 1 0 1 1 1 0 1 0 0 0 1 1 1  --  1 1 0 1 1 0 1 0 1 0 0 0 1 0 0 0  --  2  --  6  --  0  --  2
0 0 1 0 1 0 0 0 0 0 1 0 0 1 1 1  --  0 0 1 1 1 1 0 0 0 0 0 0 1 0 0 0  --  2  --  6  --  0  --  2
0 0 0 1 0 1 0 0 0 0 1 0 0 1 1 1  --  0 0 0 1 0 1 0 0 0 0 1 0 0 0 0 0  --  2  --  6  --  0  --  2
1 0 0 0 0 0 1 0 0 0 1 0 0 1 1 1  --  1 1 1 1 1 1 0 0 1 1 0 0 1 0 0 0  --  2  --  6  --  0  --  2
1 0 1 1 1 1 1 0 0 0 1 0 0 1 1 1  --  1 1 0 1 0 1 0 0 1 1 1 0 0 0 0 0  --  2  --  6  --  1  --  2
0 1 0 0 0 0 0 1 0 0 1 0 0 1 1 1  --  0 1 0 1 0 1 0 0 0 1 1 0 0 0 0 0  --  2  --  6  --  0  --  2
0 1 1 1 1 1 0 1 0 0 1 0 0 1 1 1  --  0 1 1 1 1 1 0 0 0 1 0 0 1 0 0 0  --  2  --  6  --  0  --  2
1 1 1 0 1 0 1 1 0 0 1 0 0 1 1 1  --  1 0 0 1 0 1 0 0 1 0 1 0 0 0 0 0  --  2  --  6  --  1  --  2
1 1 0 1 0 1 1 1 0 0 1 0 0 1 1 1  --  1 0 1 1 1 1 0 0 1 0 0 0 1 0 0 0  --  2  --  6  --  0  --  2
1 1 1 0 1 0 0 0 1 1 1 0 0 1 1 1  --  1 0 0 1 0 1 1 0 0 0 0 0 1 0 0 0  --  2  --  6  --  0  --  2
1 1 0 1 0 1 0 0 1 1 1 0 0 1 1 1  --  1 0 1 1 1 1 1 0 0 0 1 0 0 0 0 0  --  2  --  6  --  1  --  2
1 0 1 1 0 0 1 0 1 1 1 0 0 1 1 1  --  1 1 0 1 1 1 1 0 0 1 0 0 0 0 0 0  --  2  --  6  --  1  --  2
1 0 0 0 1 1 1 0 1 1 1 0 0 1 1 1  --  1 1 1 1 0 1 1 0 0 1 1 0 1 0 0 0  --  2  --  6  --  1  --  2
0 1 1 1 0 0 0 1 1 1 1 0 0 1 1 1  --  0 1 1 1 0 1 1 0 1 1 1 0 1 0 0 0  --  2  --  6  --  0  --  2
0 1 0 0 1 1 0 1 1 1 1 0 0 1 1 1  --  0 1 0 1 1 1 1 0 1 1 0 0 0 0 0 0  --  2  --  6  --  0  --  2
0 0 1 0 1 0 1 1 1 1 1 0 0 1 1 1  --  0 0 1 1 1 1 1 0 1 0 1 0 0 0 0 0  --  2  --  6  --  0  --  2
0 0 0 1 0 1 1 1 1 1 1 0 0 1 1 1  --  0 0 0 1 0 1 1 0 1 0 0 0 1 0 0 0  --  2  --  6  --  0  --  2
0 0 0 1 1 0 0 0 0 0 0 1 0 1 1 1  --  0 0 0 1 1 1 1 0 0 0 0 0 1 0 0 0  --  2  --  6  --  0  --  2
0 0 1 0 0 1 0 0 0 0 0 1 0 1 1 1  --  0 0 1 1 0 1 1 0 0 0 1 0 0 0 0 0  --  2  --  6  --  0  --  2
0 1 0 0 0 0 1 0 0 0 0 1 0 1 1 1  --  0 1 0 1 0 1 1 0 0 1 0 0 0 0 0 0  --  2  --  6  --  0  --  2
0 1 1 1 1 1 1 0 0 0 0 1 0 1 1 1  --  0 1 1 1 1 1 1 0 0 1 1 0 1 0 0 0  --  2  --  6  --  0  --  2
1 0 0 0 0 0 0 1 0 0 0 1 0 1 1 1  --  1 1 1 1 1 1 1 0 1 1 1 0 1 0 0 0  --  2  --  6  --  0  --  2
1 0 1 1 1 1 0 1 0 0 0 1 0 1 1 1  --  1 1 0 1 0 1 1 0 1 1 0 0 0 0 0 0  --  2  --  6  --  0  --  2
1 1 0 1 1 0 1 1 0 0 0 1 0 1 1 1  --  1 0 1 1 0 1 1 0 1 0 1 0 0 0 0 0  --  2  --  6  --  0  --  2
1 1 1 0 0 1 1 1 0 0 0 1 0 1 1 1  --  1 0 0 1 1 1 1 0 1 0 0 0 1 0 0 0  --  2  --  6  --  0  --  2
1 1 0 1 1 0 0 0 1 1 0 1 0 1 1 1  --  1 0 1 1 0 1 0 0 0 0 0 0 1 0 0 0  --  2  --  6  --  1  --  2
1 1 1 0 0 1 0 0 1 1 0 1 0 1 1 1  --  1 0 0 1 1 1 0 0 0 0 1 0 0 0 0 0  --  2  --  6  --  1  --  2
0 1 1 1 0 0 1 0 1 1 0 1 0 1 1 1  --  0 1 1 1 0 1 0 0 1 1 0 0 1 0 0 0  --  2  --  6  --  0  --  2
0 1 0 0 1 1 1 0 1 1 0 1 0 1 1 1  --  0 1 0 1 1 1 0 0 1 1 1 0 0 0 0 0  --  2  --  6  --  0  --  2
1 0 1 1 0 0 0 1 1 1 0 1 0 1 1 1  --  1 1 0 1 1 1 0 0 0 1 1 0 0 0 0 0  --  2  --  6  --  0  --  2
1 0 0 0 1 1 0 1 1 1 0 1 0 1 1 1  --  1 1 1 1 0 1 0 0 0 1 0 0 1 0 0 0  --  2  --  6  --  0  --  2
0 0 0 1 1 0 1 1 1 1 0 1 0 1 1 1  --  0 0 0 1 1 1 0 0 1 0 1 0 0 0 0 0  --  2  --  6  --  0  --  2
0 0 1 0 0 1 1 1 1 1 0 1 0 1 1 1  --  0 0 1 1 0 1 0 0 1 0 0 0 1 0 0 0  --  2  --  6  --  0  --  2
1 0 1 1 1 0 0 0 1 0 1 1 0 1 1 1  --  1 1 0 1 0 0 1 0 0 0 0 0 1 0 0 0  --  2  --  6  --  1  --  2
0 1 1 1 0 1 0 0 1 0 1 1 0 1 1 1  --  0 1 1 1 0 0 1 0 1 0 1 0 1 0 0 0  --  2  --  6  --  0  --  2
1 1 1 0 0 0 1 0 1 0 1 1 0 1 1 1  --  1 0 0 1 1 0 1 0 0 1 0 0 0 0 0 0  --  2  --  6  --  1  --  2
0 0 1 0 1 1 1 0 1 0 1 1 0 1 1 1  --  0 0 1 1 1 0 1 0 1 1 1 0 0 0 0 0  --  2  --  6  --  0  --  2
1 1 0 1 0 0 0 1 1 0 1 1 0 1 1 1  --  1 0 1 1 1 0 1 0 0 1 1 0 0 0 0 0  --  2  --  6  --  0  --  2
0 0 0 1 1 1 0 1 1 0 1 1 0 1 1 1  --  0 0 0 1 1 0 1 0 1 1 0 0 0 0 0 0  --  2  --  6  --  0  --  2
1 0 0 0 1 0 1 1 1 0 1 1 0 1 1 1  --  1 1 1 1 0 0 1 0 0 0 1 0 1 0 0 0  --  2  --  6  --  0  --  2
0 1 0 0 0 1 1 1 1 0 1 1 0 1 1 1  --  0 1 0 1 0 0 1 0 1 0 0 0 1 0 0 0  --  2  --  6  --  0  --  2
0 1 1 1 1 0 0 0 0 1 1 1 0 1 1 1  --  0 1 1 1 1 0 0 0 0 0 0 0 1 0 0 0  --  2  --  6  --  0  --  2
1 0 1 1 0 1 0 0 0 1 1 1 0 1 1 1  --  1 1 0 1 1 0 0 0 1 0 1 0 1 0 0 0  --  2  --  6  --  0  --  2
1 1 0 1 0 0 1 0 0 1 1 1 0 1 1 1  --  1 0 1 1 1 0 0 0 1 1 0 0 1 0 0 0  --  2  --  6  --  0  --  2
0 0 0 1 1 1 1 0 0 1 1 1 0 1 1 1  --  0 0 0 1 1 0 0 0 0 1 1 0 1 0 0 0  --  2  --  6  --  0  --  2
1 1 1 0 0 0 0 1 0 1 1 1 0 1 1 1  --  1 0 0 1 1 0 0 0 1 1 1 0 1 0 0 0  --  2  --  6  --  0  --  2
0 0 1 0 1 1 0 1 0 1 1 1 0 1 1 1  --  0 0 1 1 1 0 0 0 0 1 0 0 1 0 0 0  --  2  --  6  --  0  --  2
0 1 0 0 1 0 1 1 0 1 1 1 0 1 1 1  --  0 1 0 1 1 0 0 0 0 0 1 0 1 0 0 0  --  2  --  6  --  0  --  2
1 0 0 0 0 1 1 1 0 1 1 1 0 1 1 1  --  1 1 1 1 1 0 0 0 1 0 0 0 1 0 0 0  --  2  --  6  --  0  --  2
0 1 1 0 1 0 1 0 1 1 0 0 1 1 1 1  --  0 1 1 0 1 0 1 0 1 1 0 0 1 0 0 0  --  2  --  6  --  2  --  2
1 0 0 1 1 0 1 0 1 1 0 0 1 1 1 1  --  1 1 1 0 0 0 1 0 0 1 0 0 0 0 0 0  --  2  --  6  --  1  --  2
1 0 1 0 0 1 1 0 1 1 0 0 1 1 1 1  --  1 1 0 0 1 0 1 0 0 1 1 0 1 0 0 0  --  2  --  6  --  1  --  2
0 1 0 1 0 1 1 0 1 1 0 0 1 1 1 1  --  0 1 0 0 0 0 1 0 1 1 1 0 0 0 0 0  --  2  --  6  --  0  --  2
1 0 1 0 1 0 0 1 1 1 0 0 1 1 1 1  --  1 1 0 0 0 0 1 0 0 1 1 0 0 0 0 0  --  2  --  6  --  1  --  2
0 1 0 1 1 0 0 1 1 1 0 0 1 1 1 1  --  0 1 0 0 1 0 1 0 1 1 1 0 1 0 0 0  --  2  --  6  --  0  --  2
0 1 1 0 0 1 0 1 1 1 0 0 1 1 1 1  --  0 1 1 0 0 0 1 0 1 1 0 0 0 0 0 0  --  2  --  6  --  0  --  2
1 0 0 1 0 1 0 1 1 1 0 0 1 1 1 1  --  1 1 1 0 1 0 1 0 0 1 0 0 1 0 0 0  --  2  --  6  --  0  --  2
0 1 1 0 1 1 0 0 1 0 1 0 1 1 1 1  --  0 1 1 0 1 1 0 0 1 0 1 0 1 0 0 0  --  2  --  6  --  2  --  2
1 0 0 1 1 1 0 0 1 0 1 0 1 1 1 1  --  1 1 1 0 0 1 0 0 0 0 1 0 0 0 0 0  --  2  --  6  --  1  --  2
1 1 0 0 0 1 1 0 1 0 1 0 1 1 1 1  --  1 0 1 0 1 1 0 0 0 1 1 0 1 0 0 0  --  2  --  6  --  1  --  2
0 0 1 1 0 1 1 0 1 0 1 0 1 1 1 1  --  0 0 1 0 0 1 0 0 1 1 1 0 0 0 0 0  --  2  --  6  --  0  --  2
1 1 0 0 1 0 0 1 1 0 1 0 1 1 1 1  --  1 0 1 0 0 1 0 0 0 1 1 0 0 0 0 0  --  2  --  6  --  1  --  2
0 0 1 1 1 0 0 1 1 0 1 0 1 1 1 1  --  0 0 1 0 1 1 0 0 1 1 1 0 1 0 0 0  --  2  --  6  --  0  --  2
0 1 1 0 0 0 1 1 1 0 1 0 1 1 1 1  --  0 1 1 0 0 1 0 0 1 0 1 0 0 0 0 0  --  2  --  6  --  0  --  2
1 0 0 1 0 0 1 1 1 0 1 0 1 1 1 1  --  1 1 1 0 1 1 0 0 0 0 1 0 1 0 0 0  --  2  --  6  --  0  --  2
1 0 1 0 1 1 0 0 0 1 1 0 1 1 1 1  --  1 1 0 0 0 1 1 0 1 0 1 0 1 0 0 0  --  2  --  6  --  1  --  2
0 1 0 1 1 1 0 0 0 1 1 0 1 1 1 1  --  0 1 0 0 1 1 1 0 0 0 1 0 0 0 0 0  --  2  --  6  --  0  --  2
1 1 0 0 1 0 1 0 0 1 1 0 1 1 1 1  --  1 0 1 0 0 1 1 0 1 1 0 0 1 0 0 0  --  2  --  6  --  1  --  2
0 0 1 1 1 0 1 0 0 1 1 0 1 1 1 1  --  0 0 1 0 1 1 1 0 0 1 0 0 0 0 0 0  --  2  --  6  --  0  --  2
1 1 0 0 0 1 0 1 0 1 1 0 1 1 1 1  --  1 0 1 0 1 1 1 0 1 1 0 0 0 0 0 0  --  2  --  6  --  0  --  2
0 0 1 1 0 1 0 1 0 1 1 0 1 1 1 1  --  0 0 1 0 0 1 1 0 0 1 0 0 1 0 0 0  --  2  --  6  --  0  --  2
1 0 1 0 0 0 1 1 0 1 1 0 1 1 1 1  --  1 1 0 0 1 1 1 0 1 0 1 0 0 0 0 0  --  2  --  6  --  0  --  2
0 1 0 1 0 0 1 1 0 1 1 0 1 1 1 1  --  0 1 0 0 0 1 1 0 0 0 1 0 1 0 0 0  --  2  --  6  --  0  --  2
1 0 1 0 1 1 0 0 1 0 0 1 1 1 1 1  --  1 1 0 0 0 1 1 0 0 0 1 0 0 0 0 0  --  2  --  6  --  1  --  2
0 1 0 1 1 1 0 0 1 0 0 1 1 1 1 1  --  0 1 0 0 1 1 1 0 1 0 1 0 1 0 0 0  --  2  --  6  --  0  --  2
1 1 0 0 1 0 1 0 1 0 0 1 1 1 1 1  --  1 0 1 0 0 1 1 0 0 1 0 0 0 0 0 0  --  2  --  6  --  1  --  2
0 0 1 1 1 0 1 0 1 0 0 1 1 1 1 1  --  0 0 1 0 1 1 1 0 1 1 0 0 1 0 0 0  --  2  --  6  --  0  --  2
1 1 0 0 0 1 0 1 1 0 0 1 1 1 1 1  --  1 0 1 0 1 1 1 0 0 1 0 0 1 0 0 0  --  2  --  6  --  0  --  2
0 0 1 1 0 1 0 1 1 0 0 1 1 1 1 1  --  0 0 1 0 0 1 1 0 1 1 0 0 0 0 0 0  --  2  --  6  --  0  --  2
1 0 1 0 0 0 1 1 1 0 0 1 1 1 1 1  --  1 1 0 0 1 1 1 0 0 0 1 0 1 0 0 0  --  2  --  6  --  0  --  2
0 1 0 1 0 0 1 1 1 0 0 1 1 1 1 1  --  0 1 0 0 0 1 1 0 1 0 1 0 0 0 0 0  --  2  --  6  --  0  --  2
0 1 1 0 1 1 0 0 0 1 0 1 1 1 1 1  --  0 1 1 0 1 1 0 0 0 0 1 0 0 0 0 0  --  2  --  6  --  0  --  2
1 0 0 1 1 1 0 0 0 1 0 1 1 1 1 1  --  1 1 1 0 0 1 0 0 1 0 1 0 1 0 0 0  --  2  --  6  --  0  --  2
1 1 0 0 0 1 1 0 0 1 0 1 1 1 1 1  --  1 0 1 0 1 1 0 0 1 1 1 0 0 0 0 0  --  2  --  6  --  0  --  2
0 0 1 1 0 1 1 0 0 1 0 1 1 1 1 1  --  0 0 1 0 0 1 0 0 0 1 1 0 1 0 0 0  --  2  --  6  --  0  --  2
1 1 0 0 1 0 0 1 0 1 0 1 1 1 1 1  --  1 0 1 0 0 1 0 0 1 1 1 0 1 0 0 0  --  2  --  6  --  0  --  2
0 0 1 1 1 0 0 1 0 1 0 1 1 1 1 1  --  0 0 1 0 1 1 0 0 0 1 1 0 0 0 0 0  --  2  --  6  --  0  --  2
0 1 1 0 0 0 1 1 0 1 0 1 1 1 1 1  --  0 1 1 0 0 1 0 0 0 0 1 0 1 0 0 0  --  2  --  6  --  0  --  2
1 0 0 1 0 0 1 1 0 1 0 1 1 1 1 1  --  1 1 1 0 1 1 0 0 1 0 1 0 0 0 0 0  --  2  --  6  --  0  --  2
0 1 1 0 1 0 1 0 0 0 1 1 1 1 1 1  --  0 1 1 0 1 0 1 0 0 1 0 0 0 0 0 0  --  2  --  6  --  0  --  2
1 0 0 1 1 0 1 0 0 0 1 1 1 1 1 1  --  1 1 1 0 0 0 1 0 1 1 0 0 1 0 0 0  --  2  --  6  --  0  --  2
1 0 1 0 0 1 1 0 0 0 1 1 1 1 1 1  --  1 1 0 0 1 0 1 0 1 1 1 0 0 0 0 0  --  2  --  6  --  0  --  2
0 1 0 1 0 1 1 0 0 0 1 1 1 1 1 1  --  0 1 0 0 0 0 1 0 0 1 1 0 1 0 0 0  --  2  --  6  --  0  --  2
1 0 1 0 1 0 0 1 0 0 1 1 1 1 1 1  --  1 1 0 0 0 0 1 0 1 1 1 0 1 0 0 0  --  2  --  6  --  0  --  2
0 1 0 1 1 0 0 1 0 0 1 1 1 1 1 1  --  0 1 0 0 1 0 1 0 0 1 1 0 0 0 0 0  --  2  --  6  --  0  --  2
0 1 1 0 0 1 0 1 0 0 1 1 1 1 1 1  --  0 1 1 0 0 0 1 0 0 1 0 0 1 0 0 0  --  2  --  6  --  0  --  2
1 0 0 1 0 1 0 1 0 0 1 1 1 1 1 1  --  1 1 1 0 1 0 1 0 1 1 0 0 0 0 0 0  --  2  --  6  --  0  --  2
"""
print(data)
